1                         0.17060367454068237
2                         0.17060367454068234
3                         0.17060367454068234
4                         0.17060367454068234
5                         0.17060367454068234
6                         0.17060367454068232
7                         0.17060367454068234
8                         0.17060367454068234
9                         0.17060367454068232
10                        0.17060367454068232
11                        0.17060367454068232
12                        0.1706036745406823
13                        0.1706036745406823
14                        0.17060367454068232
15                        0.17060367454068234
16                        0.17060367454068234
17                        0.17060367454068232
18                        0.17060367454068232
19                        0.17060367454068232
20                        0.17060367454068234
21                        0.17060367454068234
22                        0.17060367454068234
23                        0.17060367454068232
24                        0.17060367454068234
25                        0.17060367454068237
26                        0.17060367454068234
27                        0.17060367454068234
28                        0.1706036745406823
29                        0.17060367454068232
30                        0.1706036745406823
31                        0.1706036745406823
32                        0.17060367454068232
33                        0.17060367454068232
34                        0.1706036745406823
35                        0.17060367454068234
36                        0.17110413400958524
37                        0.17148119705471063
38                        0.17203784503540986
39                        0.17265406727066823
40                        0.17326568861533437
41                        0.17387452643742685
42                        0.1735140817948853
43                        0.17344275596899683
44                        0.17445616154352037
45                        0.1744994689896623
46                        0.1743623847010393
47                        0.17405123607014858
48                        0.1736028504244283
49                        0.1732491712337607
50                        0.17301405024850972
51                        0.17286691211697483
52                        0.17271073629224984
53                        0.17209053091662516
54                        0.17183716492519022
55                        0.17210992520674936
56                        0.17240759062501362
57                        0.17259439839460647
58                        0.1728007246204367
59                        0.17326568534133674
60                        0.174039980981298
61                        0.17470778975062753
62                        0.17513325118237574
63                        0.17474728933434713
64                        0.17425948757836165
65                        0.1740336398383101
66                        0.17353769679095524
67                        0.17294049150749702
68                        0.17261296288736908
69                        0.17256911600577518
70                        0.1727894551920722
71                        0.17291562512024883
72                        0.1739734189681085
73                        0.17475047508529137
74                        0.1752650684423845
75                        0.17540789611375637
76                        0.17524925251795442
77                        0.17512399311790247
78                        0.17497971903699758
79                        0.1742757982753397
80                        0.17423557588058466
81                        0.17445704141775487
82                        0.17453707043036348
83                        0.17444487169519568
84                        0.17437670023305202
85                        0.17442103195178407
86                        0.17478833170017483
87                        0.17504861215837095
88                        0.17499126306660684
89                        0.17466811583041159
90                        0.17441524203016245
91                        0.17458523125627856
92                        0.17491438880302826
93                        0.17528803713895094
94                        0.17517235690603664
95                        0.1748493465467373
96                        0.17513721124894294
97                        0.17552854539539328
98                        0.17596348614223098
99                        0.17645446925875513
100                       0.17665113653020262
101                       0.17669133897078798
102                       0.17662930713140892
103                       0.1766438046864095
104                       0.17668989327181295
105                       0.17654096456176918
106                       0.1762812371548457
107                       0.17618283284218605
108                       0.17615859782691118
109                       0.17629996677806808
110                       0.17661687131125317
111                       0.17626485749378085
112                       0.1759514378283582
113                       0.1758034440792061
114                       0.17615812246588047
115                       0.1765978737161116
116                       0.17681691079637205
117                       0.17683760018705838
118                       0.17682508937049604
119                       0.17666946690493301
120                       0.17633508608845425
121                       0.17607303171348396
122                       0.1763203526706713
123                       0.17664543331167581
124                       0.17703688954208371
125                       0.17733737690384369
126                       0.17763810220675794
127                       0.17774952907697963
128                       0.17769401091520107
129                       0.17738037368421852
130                       0.17700088936384212
131                       0.17574913379260435
132                       0.17489206307373856
133                       0.17436325830942842
134                       0.17404174499956812
135                       0.17391590893977193
136                       0.1739001344462428
137                       0.17426441316683164
138                       0.17449756227160113
139                       0.17460406589554794
140                       0.1746705607776443
141                       0.17471668277382965
142                       0.17474945547955748
143                       0.17477303807035272
144                       0.17479168362219005
145                       0.17480533715734578
146                       0.17481478948044388
147                       0.17482099344199833
148                       0.17482474631540118
149                       0.1748266517409027
150                       0.17482715452898234
151                       0.17482658297454684
152                       0.17482518252852494
153                       0.1748231396783911
154                       0.1748205983300842
155                       0.17481767105052534
156                       0.17481444690143544
157                       0.17481099701121158
158                       0.17480737862198545
159                       0.17480363808631894
160                       0.17479981312397352
161                       0.17479593454648334
162                       0.17479202759183474
163                       0.17478811296889485
164                       0.17478420768273245
165                       0.1747803256925026
166                       0.1747764784399798
167                       0.1747726752771847
168                       0.17476892381459624
169                       0.17476523020635737
170                       0.17476159938512686
171                       0.1747580352564153
172                       0.17475454086012074
173                       0.17475111850535768
174                       0.17474776988342922
175                       0.17474449616282398
176                       0.17474129806936373
177                       0.1747381759540329
178                       0.17475250677554366
179                       0.1752426694765125
180                       0.17587112289538298
181                       0.17654525598791654
182                       0.1773188086333939
183                       0.17820398627025294
184                       0.17914743712792158
185                       0.17970207054583917
186                       0.180109394260661
187                       0.18023313099006966
188                       0.17990707422638536
189                       0.17898826258480963
190                       0.17844480143703603
191                       0.17818555687727794
192                       0.17833579862922336
193                       0.17842671614516878
194                       0.17848278073721996
195                       0.17867363263937938
196                       0.17943312187754465
197                       0.17884600757689764
198                       0.1777398931612761
199                       0.17739424943442467
200                       0.1766706791818869
201                       0.1765212321239318
202                       0.17673340101311738
203                       0.17738195655931838
204                       0.17765306548368193
205                       0.1782855773949245
206                       0.1793372379905602
207                       0.18033989053704683
208                       0.1815537255756348
209                       0.182546227016573
210                       0.18334018209245165
211                       0.18403721789956043
212                       0.1839922801594101
213                       0.18476172142203287
214                       0.1850369816602808
215                       0.1857666905166771
216                       0.186375273496642
217                       0.18690374919267044
218                       0.1869439978586655
219                       0.1869698957152063
220                       0.1870205645201738
221                       0.18639664752300203
222                       0.18574905232404915
223                       0.18546681026791068
224                       0.18518212629768652
225                       0.18515675991315683
226                       0.1851551243805969
227                       0.18513906820396256
228                       0.1851428378141439
229                       0.18535522450043704
230                       0.1855665167667297
231                       0.18605682981071242
232                       0.18657356943623732
233                       0.18700184811236734
234                       0.1871593261638911
235                       0.18745818570466127
236                       0.18789307913263906
237                       0.1880487856652979
238                       0.18835916378146575
239                       0.18893445667462555
240                       0.1899178054898553
241                       0.19067544837546904
242                       0.1907018130243614
243                       0.19052930466805787
244                       0.19022349589318308
245                       0.18980946438451043
246                       0.18933704714673585
247                       0.18940534830033226
248                       0.18977798861076473
249                       0.19019874366254505
250                       0.19068094909546435
251                       0.19078099560954676
252                       0.1911566529461859
253                       0.1912869243346579
254                       0.19153909963275423
255                       0.19151545352213348
256                       0.19137654824894873
257                       0.19111080174836578
258                       0.19119508896020698
259                       0.19129436481595252
260                       0.19137655531694064
261                       0.19145955070065107
262                       0.19153337642968182
263                       0.19147191240118833
264                       0.19119679073887513
265                       0.1910084742393046
266                       0.19040805600220598
267                       0.19014735232153326
268                       0.190145153664857
269                       0.1903327444685799
270                       0.19032018534435355
271                       0.1905273188139449
272                       0.19121919758643569
273                       0.19147034482178268
274                       0.1916372141281183
275                       0.19166581586473935
276                       0.19137759175173233
277                       0.19103719575584344
278                       0.1908251317622705
279                       0.1906545144369112
280                       0.19040335654887314
281                       0.19118576856529582
282                       0.19093958312469717
283                       0.1910190796052672
284                       0.1910694617328521
285                       0.19111198906756016
286                       0.19145711491518042
287                       0.19154336514906103
288                       0.19301562370705036
289                       0.19218388344369142
290                       0.19339091444717846
291                       0.19338033358957937
292                       0.1938484134135438
293                       0.19496493927836558
294                       0.19533392380324077
295                       0.19519206566082198
296                       0.19548822514251418
297                       0.1952840829959529
298                       0.19489167911059194
299                       0.19414255777018236
300                       0.19351828323343864
301                       0.19294238031937408
302                       0.19234763108203373
303                       0.19194373453763833
304                       0.1925895454400609
305                       0.19304630875469378
306                       0.1928117404488235
307                       0.19213884360892725
308                       0.19251119605784506
309                       0.19302608221937267
310                       0.19314235731283574
311                       0.19283647402878354
312                       0.1930013632289322
313                       0.19325776707388576
314                       0.193439191994109
315                       0.19310764474405911
316                       0.19273592950202695
317                       0.19247624118046197
318                       0.1920556986810508
319                       0.19159014023889898
320                       0.19122016429100633
321                       0.19087341686153275
322                       0.190580045922086
323                       0.19038542662616598
324                       0.19013481697686846
325                       0.18959017830632605
326                       0.1893108050895528
327                       0.18895842874361607
328                       0.1888454663625113
329                       0.18880951632303117
330                       0.1888643544958662
331                       0.18894245276986252
332                       0.18932344889473074
333                       0.18935540899634395
334                       0.1890951447299077
335                       0.18867818253786126
336                       0.18808127575573325
337                       0.1875258462676924
338                       0.18768962469732797
339                       0.18791914368188725
340                       0.18811259985557652
341                       0.18804665949881874
342                       0.1879764212154248
343                       0.18774973772093892
344                       0.1877996650927976
345                       0.18802476747163144
346                       0.18817498676175878
347                       0.18825732978847995
348                       0.188318304031602
349                       0.18836530447100877
350                       0.18840332762247278
351                       0.18843472084024418
352                       0.18846242944817387
353                       0.18848606718715313
354                       0.18850608233121596
355                       0.18852308123465855
356                       0.1885376048311453
357                       0.1885500891763616
358                       0.1885608773321879
359                       0.18857024000711886
360                       0.18857839347967734
361                       0.1886040379621219
362                       0.18878120468662749
363                       0.1892635551796643
364                       0.18994180538633273
365                       0.19066004102294792
366                       0.19143695552702003
367                       0.19221271097472667
368                       0.192869051951521
369                       0.19355900052155114
370                       0.1934757187239783
371                       0.19371644036271377
372                       0.19400586235410505
373                       0.19442265336507483
374                       0.19515411690553858
375                       0.1950340411122068
376                       0.1949713468735078
377                       0.19486741011255163
378                       0.1949852538152321
379                       0.1952285297800259
380                       0.19553184784866656
381                       0.19522107412132866
382                       0.19510617341553538
383                       0.19478692898681405
384                       0.19441202880565753
385                       0.1945118728411761
386                       0.19514891844004983
387                       0.195391399378504
388                       0.19514524106061445
389                       0.19497794492653128
390                       0.19491920810702823
391                       0.19488666992101103
392                       0.1948842001073745
393                       0.1949566527862931
394                       0.19517538903699447
395                       0.1951715112055886
396                       0.19498983390488656
397                       0.19460785918348278
398                       0.19409506117385195
399                       0.19370393989739523
400                       0.19358617895702054
401                       0.19281803029094483
402                       0.1921174508540534
403                       0.19142989557470977
404                       0.19113006825376394
405                       0.19092588126178328
406                       0.1907725025613517
407                       0.19071742889902665
408                       0.1908120085750534
409                       0.19114732985677324
410                       0.19133857425547485
411                       0.19143362767579272
412                       0.19149929139056743
413                       0.19154578156166888
414                       0.1915800035975871
415                       0.19160548371264285
416                       0.1916260951046612
417                       0.1916447276845408
418                       0.19205514966550197
419                       0.1925359646574196
420                       0.19320088054137222
421                       0.1940385011816256
422                       0.19489980635491047
423                       0.19584914227149647
424                       0.1969976663089166
425                       0.19770058404288754
426                       0.1971063551431369
427                       0.19757469094914562
428                       0.19794137980731327
429                       0.1979127531890109
430                       0.19737637535133384
431                       0.1968483656850912
432                       0.1963818932212785
433                       0.19600695577553034
434                       0.19569925032985663
435                       0.19533131132447976
436                       0.19435106160200624
437                       0.1935635619914628
438                       0.1931347576993677
439                       0.19292337479960464
440                       0.19286172715044633
441                       0.19313068048357923
442                       0.19332883236384843
443                       0.1934037042336307
444                       0.19344389353533806
445                       0.1934662695084493
446                       0.19347752581010666
447                       0.1934815290363801
448                       0.19348066115104925
449                       0.19347646094706492
450                       0.19347045536198254
451                       0.19346278288961108
452                       0.1934537643495254
453                       0.19344379702204614
454                       0.19343321733060556
455                       0.19342227979262255
456                       0.19341116914322856
457                       0.19340001764069298
458                       0.19338891971438496
459                       0.1933779427842833
460                       0.19336713489412252
461                       0.1933565300427497
462                       0.19335451550452354
463                       0.19384149290259284
464                       0.19446265955445366
465                       0.19512660230840692
466                       0.19588868512576857
467                       0.1967784061139074
468                       0.19777390660837021
469                       0.19881097534830963
470                       0.1997228542707913
471                       0.1996037814501981
472                       0.19958435001222258
473                       0.20063513522630774
474                       0.20093990904291664
475                       0.20045682036364448
476                       0.20075154396018555
477                       0.2003911710251638
478                       0.20031353471493332
479                       0.20037549388237122
480                       0.19992016984698494
481                       0.19975009165005608
482                       0.1996812164877327
483                       0.19936145685976395
484                       0.19902958287472441
485                       0.1993110036772399
486                       0.1992922820847838
487                       0.19888168663760464
488                       0.19883883380464243
489                       0.19882936955064637
490                       0.19872128824305896
491                       0.19880141829988493
492                       0.1988854272409211
493                       0.19892908352903707
494                       0.1989646010779614
495                       0.19897267669935084
496                       0.19882106105143535
497                       0.19898596725234943
498                       0.19915482917060098
499                       0.19939744530684192
500                       0.19907115896312844
501                       0.19892648145652156
502                       0.19903386289527955
503                       0.19910928991047533
504                       0.19897455276570003
505                       0.19886892380311327
506                       0.19889566157263536
507                       0.19840744989162995
508                       0.19778778023358237
509                       0.19721022277437003
510                       0.19671795502417963
511                       0.19626788230770537
512                       0.19587475201621288
513                       0.1956041413509676
514                       0.1953665649909231
515                       0.1952795313716947
516                       0.19535795959050709
517                       0.19570255276681692
518                       0.19589966643016987
519                       0.19600505246186825
520                       0.19607643651950588
521                       0.19612855777183244
522                       0.19616760583788628
523                       0.19619941657159307
524                       0.19622435366304494
525                       0.1962829362136314
526                       0.19647396647538398
527                       0.19682380586694798
528                       0.19701464710868916
529                       0.19703023663620484
530                       0.19742247827016035
531                       0.19756733501073714
532                       0.19764464151158473
533                       0.1979472359172386
534                       0.19845951613830295
535                       0.19893958884569754
536                       0.19927145040712135
537                       0.1994189973641237
538                       0.19956807117538364
539                       0.19964275659723033
540                       0.19983347799377157
541                       0.2000660400201951
542                       0.20018088594300723
543                       0.20024383398475737
544                       0.20017778417477577
545                       0.199997707546173
546                       0.19981650413240976
547                       0.19971904596381
548                       0.19966076939378338
549                       0.199620001632923
550                       0.19964713018451075
551                       0.19999707182750837
552                       0.2000217634314131
553                       0.20000339526051245
554                       0.19934756307585286
555                       0.19884575125869292
556                       0.19893138946181074
557                       0.19912851483638871
558                       0.19923271973625026
559                       0.19899432444503956
560                       0.19857109636626477
561                       0.19778818649306232
562                       0.19731870225976253
563                       0.19713219299849563
564                       0.1974604800363266
565                       0.19766413479442893
566                       0.19774702498887217
567                       0.1977939767337859
568                       0.19782378537398249
569                       0.1978428202531438
570                       0.19785472652193595
571                       0.19786173653347272
572                       0.19786565821400437
573                       0.1978674118216899
574                       0.19786712649226443
575                       0.197865229580812
576                       0.1978621372925832
577                       0.1978581816733574
578                       0.19785361138308885
579                       0.1978486095361661
580                       0.19784331129309612
581                       0.19783781737687386
582                       0.1978322036822905
583                       0.19786363595018522
584                       0.19835170853067882
585                       0.19897535958625318
586                       0.19963646200259685
587                       0.20035127248489196
588                       0.20046100091671692
589                       0.20052585882441026
590                       0.2005581144089433
591                       0.20019468833575813
592                       0.199973014864704
593                       0.20005055685749137
594                       0.20002026822348687
595                       0.19987449026316467
596                       0.1996794315172539
597                       0.19948983739042142
598                       0.1994590957835358
599                       0.19937059526258236
600                       0.1995991849564353
601                       0.19964894847277642
602                       0.19953173385931677
603                       0.19937999181591515
604                       0.1993674675305241
605                       0.19941825006071065
606                       0.19950666057944533
607                       0.1997259841810977
608                       0.1999443736622993
609                       0.2002523532035952
610                       0.20043498654350933
611                       0.20076840467189647
612                       0.20094942630948137
613                       0.20077159578739626
614                       0.20065294292331096
615                       0.20079197473750243
616                       0.2009162888486245
617                       0.20099715593817297
618                       0.20093140033735732
619                       0.20082174448795412
620                       0.2007897315309845
621                       0.20087974285614524
622                       0.2014362264372968
623                       0.20214659306777863
624                       0.20239852246795628
625                       0.20237152458702948
626                       0.20237648028172883
627                       0.20169860487055535
628                       0.2005431824514172
629                       0.19976463943131137
630                       0.199405236509141
631                       0.1992637483325686
632                       0.19955930849457498
633                       0.19973111512333408
634                       0.1997932381264394
635                       0.19982184718465254
636                       0.199835906818178
637                       0.19984123856400873
638                       0.19984110383206832
639                       0.19983745071101916
640                       0.19983149986440252
641                       0.19982404471213852
642                       0.1998156158736441
643                       0.19980657618542091
644                       0.19979717804235456
645                       0.1997875992737365
646                       0.19977796628263328
647                       0.19976834163338825
648                       0.19975877494011499
649                       0.1997493199879469
650                       0.19974002190247636
651                       0.19973091428093764
652                       0.1997220203179536
653                       0.199713354955511
654                       0.19970492694610886
655                       0.19969674051953018
656                       0.19968879664131167
657                       0.1996810939372193
658                       0.19967362936657646
659                       0.1996663987129491
660                       0.19969610326800627
661                       0.19996743560235777
662                       0.20034683380488852
663                       0.20102886943307216
664                       0.20139069337438587
665                       0.20179544508534422
666                       0.20194017035479375
667                       0.2020596717836414
668                       0.20262510011448567
669                       0.20318243914373663
670                       0.2033734443033946
671                       0.20350779800691435
672                       0.20367950892376943
673                       0.2039533795872004
674                       0.2039862284564559
675                       0.20377072188954878
676                       0.20372823821346567
677                       0.20358628073150423
678                       0.20347922379046304
679                       0.20336874232025046
680                       0.20340672651742234
681                       0.20339438901169338
682                       0.20330078060334644
683                       0.20297221710334637
684                       0.20272557066293254
685                       0.20212276479809854
686                       0.20157670590233667
687                       0.20110517511458972
688                       0.2009562154081814
689                       0.20090436816162258
690                       0.20073073429011135
691                       0.20094345354127494
692                       0.20108585057230272
693                       0.2011398270304362
694                       0.20116988557594007
695                       0.2011871701753882
696                       0.2011964382874728
697                       0.2012004308066126
698                       0.20120083900597333
699                       0.2011992463748143
700                       0.20119589797194073
701                       0.20119107729667793
702                       0.2011851740122204
703                       0.20117852432449
704                       0.20117138410881863
705                       0.20116393997105536
706                       0.20115632652114854
707                       0.20114864105228705
708                       0.20118670092032476
709                       0.20136664837757018
710                       0.20161669339356153
711                       0.2016985593308863
712                       0.20189303763278726
713                       0.2024445929855415
714                       0.20283860412668434
715                       0.20324986689557553
716                       0.20331866506911517
717                       0.2037015960711803
718                       0.20347619711807785
719                       0.20308321678542504
720                       0.20294622028558365
721                       0.2036096754018734
722                       0.2038890372849593
723                       0.20406550383359148
724                       0.2044506270797556
725                       0.2046858573436314
726                       0.20431728780558553
727                       0.2038676868018354
728                       0.204146610688565
729                       0.2044061251197759
730                       0.2042944780559383
731                       0.2037642160307497
732                       0.20340535954848726
733                       0.20311941648423834
734                       0.2025639835675502
735                       0.20213698173220498
736                       0.20195638955713865
737                       0.20219150149153367
738                       0.2023244414974635
739                       0.202367878917127
740                       0.20238788281122905
741                       0.20239607398489468
742                       0.2023982774667568
743                       0.20241141672077836
744                       0.20283572887106172
745                       0.20329059877815803
746                       0.20389632147629044
747                       0.20456512981633204
748                       0.20466595719469136
749                       0.20503173765928095
750                       0.20546296447503487
751                       0.20574686167856518
752                       0.20620969265251266
753                       0.20659773130695547
754                       0.2068375041111917
755                       0.2069155501621117
756                       0.20705541111659015
757                       0.20700841807995937
758                       0.20692459026099952
759                       0.20680296215963945
760                       0.20680814837371286
761                       0.20677631025317275
762                       0.20658429375107662
763                       0.2062296984986049
764                       0.2060943797001511
765                       0.20594793856144022
766                       0.20567348499224308
767                       0.20539051304800424
768                       0.20497552599776234
769                       0.20444742568281177
770                       0.20407853302560652
771                       0.20371183528743061
772                       0.203484813404718
773                       0.2034995692246891
774                       0.20342259224874187
775                       0.203623242683295
776                       0.20375422372163535
777                       0.20380722418560426
778                       0.20383794381960782
779                       0.20385870230640024
780                       0.20386789454742135
781                       0.203893352261237
782                       0.20438680220684263
783                       0.20481209406795245
784                       0.20548732413954465
785                       0.20631191415500758
786                       0.206975039681705
787                       0.20708690934821544
788                       0.20693156144983058
789                       0.20704434431875804
790                       0.20727497713163645
791                       0.2075545994739818
792                       0.2078413573589895
793                       0.20853909390588704
794                       0.20896982829686325
795                       0.20899788880592815
796                       0.20877905816807882
797                       0.20856191513438377
798                       0.2086658507450105
799                       0.2084112643428416
800                       0.20819239861099767
801                       0.20798390640950068
802                       0.20767810673549092
803                       0.20752404342323783
804                       0.20757117538879302
805                       0.20760219674837527
806                       0.20751243363142402
807                       0.2072019658974478
808                       0.2072286355515169
809                       0.2073247198413662
810                       0.20738257356038797
811                       0.2074155589933791
812                       0.20744066697377286
813                       0.2074822278982955
814                       0.20761654371899385
815                       0.20788713041163878
816                       0.20818520181113395
817                       0.20911978215994156
818                       0.20954637999650216
819                       0.20987680612624315
820                       0.21021064729044697
821                       0.20979890263909964
822                       0.20996127627435573
823                       0.2100585035440987
824                       0.21002625506140005
825                       0.2097473957171791
826                       0.20946554623625563
827                       0.2094472559570419
828                       0.20937837709009008
829                       0.20911994129727238
830                       0.20884344762220292
831                       0.20891244451725174
832                       0.20870297394180046
833                       0.20853594828397234
834                       0.20863894336144428
835                       0.20854965575928444
836                       0.20859635094428028
837                       0.20825104767855357
838                       0.20811532500157878
839                       0.20828120141776524
840                       0.20846942794957038
841                       0.2085825839714043
842                       0.20864853112801135
843                       0.20845271324280404
844                       0.20848449883467784
845                       0.20861707046878575
846                       0.20852865259507136
847                       0.20834176112754804
848                       0.2081190536482945
849                       0.2080241645237319
850                       0.20787112280535155
851                       0.2074856100652907
852                       0.2070975701402808
853                       0.20684941333558238
854                       0.20676360873586394
855                       0.20673611156661487
856                       0.20707238647996004
857                       0.20776118007217126
858                       0.20818877249220796
859                       0.2083530262918495
860                       0.20854727847154933
861                       0.20878996033887467
862                       0.20903441210069487
863                       0.20935284602152376
864                       0.20976967673914457
865                       0.21012524549866654
866                       0.2101612702606889
867                       0.20988986490494635
868                       0.20982191988317803
869                       0.20983911649582962
870                       0.20988772122722674
871                       0.21017546994569963
872                       0.2102509867084557
873                       0.21056103922892697
874                       0.2104649696213308
875                       0.2103974623020281
876                       0.21037982796986418
877                       0.21020450311508423
878                       0.20972662186742125
879                       0.20950320130555122
880                       0.2093932385725013
881                       0.20903841503323123
882                       0.20891029863308808
883                       0.2089410541427444
884                       0.20934215035661455
885                       0.20964101344578406
886                       0.20989220028932962
887                       0.20997555981112556
888                       0.2102609375776686
889                       0.21060108464491187
890                       0.21080182931520944
891                       0.21081882453537215
892                       0.21105205957040493
893                       0.2112763210584936
894                       0.211196139879567
895                       0.21094936178040063
896                       0.21080178502183888
897                       0.2107122712179639
898                       0.21048036364496314
899                       0.21033998248475508
900                       0.21160117275398058
901                       0.21144244231408538
902                       0.21096019811620506
903                       0.21068750992938198
904                       0.21046407800296046
905                       0.21084153552225257
906                       0.2112181243993556
907                       0.21133364800088827
908                       0.21132540001484024
909                       0.21110036186051964
910                       0.21121514254438048
911                       0.21122790935544314
912                       0.211207186751997
913                       0.21098312423271215
914                       0.210803032432406
915                       0.21064554084429152
916                       0.2105749614186642
917                       0.21067497605524685
918                       0.21081032038818914
919                       0.21090197745627295
920                       0.21080453657364082
921                       0.21081166885390332
922                       0.21089993060962356
923                       0.21074400181168973
924                       0.2106213541586107
925                       0.21077873167843383
926                       0.2110780327252225
927                       0.21102491888281522
928                       0.21080136131573102
929                       0.21050655999354795
930                       0.21023367765679338
931                       0.2099848006576913
932                       0.21001716975017617
933                       0.21024446332760222
934                       0.2104655728503235
935                       0.2110574162903032
936                       0.2114574120357924
937                       0.2116280917188712
938                       0.21158258564967564
939                       0.21158212635697757
940                       0.21182828415229152
941                       0.21184335076611815
942                       0.21181314293782552
943                       0.21183964529974436
944                       0.2118505233518032
945                       0.21161236249560997
946                       0.21149022101216972
947                       0.21156941806417365
948                       0.2116093091684781
949                       0.2114655390362672
950                       0.21137073708801893
951                       0.21133007550137384
952                       0.21145330540673923
953                       0.21168986716748922
954                       0.21196886125473072
955                       0.211941626477991
956                       0.21169329718514063
957                       0.21171679842168253
958                       0.2115294761586704
959                       0.2118775274293666
960                       0.21230713922023825
961                       0.21253669695341004
962                       0.21213593743416015
963                       0.21164997222312784
964                       0.21106069670875527
965                       0.2107049290999961
966                       0.21022441380081106
967                       0.20996568167991264
968                       0.2099247365467922
969                       0.2101655754599298
970                       0.21033937594826907
971                       0.2104130373613607
972                       0.2104590695250161
973                       0.21049004990839137
974                       0.2105214371950238
975                       0.21086912022542892
976                       0.21131583632650897
977                       0.21216111734915633
978                       0.21292195206822698
979                       0.21368052607995655
980                       0.21402409091442545
981                       0.21392682834329277
982                       0.21408514485648353
983                       0.214196966308908
984                       0.21428293947118843
985                       0.2144874565614546
986                       0.21503884321184258
987                       0.21575576677468233
988                       0.2159286905864623
989                       0.21571019587661927
990                       0.21546839979779858
991                       0.21523401359338873
992                       0.2150258281792851
993                       0.21487545496612895
994                       0.21438534440366364
995                       0.21424112869138692
996                       0.2140821288416098
997                       0.21392631569718776
998                       0.21380464664509316
999                       0.2136650924727153
1000                      0.21357485944209195
1001                      0.2134580136366338
1002                      0.21310313906593525
1003                      0.21261919465799506
1004                      0.21269568415272327
1005                      0.2129767417249482
1006                      0.21334333495469754
1007                      0.21375629638699123
1008                      0.21400865260219665
1009                      0.21375109131339534
1010                      0.21372748358027746
1011                      0.21385481215202704
1012                      0.21365305911584806
1013                      0.21368376763987418
1014                      0.21374328926675443
1015                      0.21422987642941924
1016                      0.21447813812097266
1017                      0.21470627637464038
1018                      0.2146579942757208
1019                      0.2147201504170315
1020                      0.21488966748314892
1021                      0.2148378731420458
1022                      0.21463003359456467
1023                      0.21431730574625507
1024                      0.21399917795640627
1025                      0.2139043721839462
1026                      0.2138297796859552
1027                      0.21377730360321517
1028                      0.21371556370866945
1029                      0.2136356012511029
1030                      0.21355620716453003
1031                      0.21332006569845968
1032                      0.2126981278455533
1033                      0.21232918488188318
1034                      0.2122405303632167
1035                      0.21251160041888426
1036                      0.212677272449801
1037                      0.21274505224376075
1038                      0.21278680353304827
1039                      0.2128144748173763
1040                      0.21283316915123143
1041                      0.21284582711949188
1042                      0.21285509931563573
1043                      0.21286137287624457
1044                      0.2128650629554067
1045                      0.21286676149474804
1046                      0.21286697837271426
1047                      0.21286610076097753
1048                      0.21286441214530274
1049                      0.21286211968371746
1050                      0.21285937656842382
1051                      0.21285629792361344
1052                      0.21285297164388256
1053                      0.2128494657629164
1054                      0.21284583353725947
1055                      0.21284211702904346
1056                      0.21283834968743398
1057                      0.21283455824702988
1058                      0.21283076414915048
1059                      0.2128269846224112
1060                      0.21282323351519758
1061                      0.2128195219444029
1062                      0.2128158588060889
1063                      0.2128122511810556
1064                      0.2128087046595207
1065                      0.2128052236029059
1066                      0.21280181135628046
1067                      0.21283819835701803
1068                      0.2130252739064704
1069                      0.21343038483547766
1070                      0.21406165317003045
1071                      0.21474742291232732
1072                      0.21551615753469697
1073                      0.21629819825651156
1074                      0.21632184137906355
1075                      0.2164592859004507
1076                      0.21685233247147004
1077                      0.21701597492281785
1078                      0.21709267080583308
1079                      0.21713103679156837
1080                      0.21722986965734573
1081                      0.2174248523032141
1082                      0.21724477291283256
1083                      0.21730443290928417
1084                      0.217384421927626
1085                      0.2173388028591168
1086                      0.21689645996208998
1087                      0.21650215083179314
1088                      0.21627857217393412
1089                      0.21635881044091718
1090                      0.21604472387060125
1091                      0.21543670928317413
1092                      0.21494740489201353
1093                      0.21490017803763786
1094                      0.21487088467286547
1095                      0.21440211117979033
1096                      0.2140380356538698
1097                      0.21393679947234784
1098                      0.2140808559431971
1099                      0.21423506876618217
1100                      0.2143380640286357
1101                      0.21438818835562615
1102                      0.21441713460983033
1103                      0.21443575993923242
1104                      0.2144835447359831
1105                      0.21458371820511218
1106                      0.21466787118019148
1107                      0.21461700135185385
1108                      0.2148930299669984
1109                      0.21479784665851592
1110                      0.21471040064663438
1111                      0.21467283071351537
1112                      0.2146455427922073
1113                      0.21462394278237815
1114                      0.21460585735865642
1115                      0.21459060322618723
1116                      0.21459337876628562
1117                      0.2146870060877888
1118                      0.21486245825178157
1119                      0.21512373884491998
1120                      0.21576815155835918
1121                      0.21635558990515627
1122                      0.21693356025255842
1123                      0.21690000724770359
1124                      0.21667880288115765
1125                      0.2170123988354983
1126                      0.21764758020308936
1127                      0.21808696991558557
1128                      0.2181033576049804
1129                      0.21776368039330937
1130                      0.21751515496399537
1131                      0.21739829213528042
1132                      0.21744588916787996
1133                      0.21777549909759508
1134                      0.21789583219237127
1135                      0.21813503865992165
1136                      0.21831020831463482
1137                      0.21831516259076622
1138                      0.2180132278426675
1139                      0.2178158479374559
1140                      0.2178975209312575
1141                      0.21810885393579135
1142                      0.21827283325248717
1143                      0.2182785651133904
1144                      0.21841117428896412
1145                      0.21840590837039298
1146                      0.21846588372331074
1147                      0.21842686017505156
1148                      0.21834252125953219
1149                      0.21826554960567157
1150                      0.21817266688075845
1151                      0.21811993306161412
1152                      0.21812007091796662
1153                      0.21792090365889835
1154                      0.2179069597868795
1155                      0.2177532226867126
1156                      0.2175790043259181
1157                      0.21732646298958702
1158                      0.217080150092212
1159                      0.21661133254632495
1160                      0.21641374241176956
1161                      0.2160634034132583
1162                      0.2160339040433752
1163                      0.21593158738565157
1164                      0.2157345771328264
1165                      0.21597458836488953
1166                      0.21611463291644817
1167                      0.21617795949238164
1168                      0.21621690351404713
1169                      0.21624283297629085
1170                      0.21626036352567213
1171                      0.2162721703316818
1172                      0.21628081059580198
1173                      0.21628647971367757
1174                      0.2162896065831804
1175                      0.21629076596553462
1176                      0.21629045094652505
1177                      0.21628903859101195
1178                      0.2162868080148627
1179                      0.21628396560853808
1180                      0.21628066570883875
1181                      0.21627702543860014
1182                      0.21627313495485367
1183                      0.21628981753035606
1184                      0.21660197660760497
1185                      0.21708461306272017
1186                      0.21771600515893294
1187                      0.2185148314715376
1188                      0.2193676167015589
1189                      0.22023034311480072
1190                      0.220808820885764
1191                      0.22108925573203644
1192                      0.22064873155688794
1193                      0.21984503057125274
1194                      0.21934326181409178
1195                      0.21849843250800252
1196                      0.21778691990920357
1197                      0.21741463072984707
1198                      0.2172931347351948
1199                      0.21750558881416304
1200                      0.2175983897088294
1201                      0.21761828352341836
1202                      0.21761898213218434
1203                      0.21761073167976297
1204                      0.2175977657609601
1205                      0.21758233782573788
1206                      0.21756571574645578
1207                      0.21754863921401774
1208                      0.21753154899569305
1209                      0.21751470960129057
1210                      0.21749814978750695
1211                      0.21748259425235142
1212                      0.21751168806953183
1213                      0.21767810232469073
1214                      0.21797651952949681
1215                      0.21838243269484636
1216                      0.21906282709627742
1217                      0.21940639636064235
1218                      0.21933376431042176
1219                      0.21903132548043855
1220                      0.21874677890481592
1221                      0.21872449115507642
1222                      0.2187689887195041
1223                      0.2186983449231691
1224                      0.21895109773065444
1225                      0.2194470240918937
1226                      0.21988230593639815
1227                      0.2202829184545946
1228                      0.2204669963331639
1229                      0.2207477686525931
1230                      0.22063088797658117
1231                      0.22046536301846065
1232                      0.2202247965309103
1233                      0.21993737791305248
1234                      0.21973838974586551
1235                      0.21992036995482453
1236                      0.22006199150428143
1237                      0.22007930128366074
1238                      0.2199214831254523
1239                      0.2197526680109212
1240                      0.21964912080913876
1241                      0.21968414698366684
1242                      0.21965534158812927
1243                      0.219248938817667
1244                      0.21914156955836372
1245                      0.21914914257233917
1246                      0.21948042405032028
1247                      0.2196363727633107
1248                      0.2197136215774018
1249                      0.21946012081471386
1250                      0.21892751025137827
1251                      0.21860969674587957
1252                      0.21837857652341788
1253                      0.21854702536573647
1254                      0.21865201551730878
1255                      0.2186835273695107
1256                      0.2186977452171747
1257                      0.21870316195173775
1258                      0.21870343279985904
1259                      0.21870054420249493
1260                      0.21869565825951537
1261                      0.21868949313654035
1262                      0.21868251156233187
1263                      0.21867502141965595
1264                      0.21866723270076988
1265                      0.21865929135354606
1266                      0.21868264132321516
1267                      0.21877642505836115
1268                      0.21877488018303762
1269                      0.21875273604693124
1270                      0.2187463161972972
1271                      0.21874776842745272
1272                      0.21885250871792258
1273                      0.21904029770197095
1274                      0.2191326267129346
1275                      0.2191984067604522
1276                      0.21932490908223445
1277                      0.21966723863775078
1278                      0.220027483161364
1279                      0.21993359863827985
1280                      0.21966665834177687
1281                      0.21950592821676423
1282                      0.21942288777919888
1283                      0.21970406185580696
1284                      0.22030265049365852
1285                      0.22116322367435665
1286                      0.2220405351565908
1287                      0.22261784580967892
1288                      0.22270122065336687
1289                      0.2225077752192962
1290                      0.22228265392892932
1291                      0.22240039722697802
1292                      0.22248005781375582
1293                      0.22248802216871225
1294                      0.22242391393979682
1295                      0.2221974623914997
1296                      0.2217836096104154
1297                      0.22152350621917152
1298                      0.2215604474601519
1299                      0.22160654445934594
1300                      0.22161177787354472
1301                      0.2216123485624874
1302                      0.22161370529452132
1303                      0.2219295295365813
1304                      0.22196193296644015
1305                      0.2221145878844844
1306                      0.22215047619374995
1307                      0.2222443324061721
1308                      0.22241204915455398
1309                      0.22241616298359382
1310                      0.22240006196750484
1311                      0.22252429985367905
1312                      0.22257183089424654
1313                      0.2230104722015536
1314                      0.22407301461199255
1315                      0.223049362550595
1316                      0.22391769426153355
1317                      0.22385047479162393
1318                      0.2234278609177009
1319                      0.22279123416867244
1320                      0.22166006442648342
1321                      0.22091358577916334
1322                      0.22048504283232076
1323                      0.2202455675309452
1324                      0.22019796178826698
1325                      0.22047745456489753
1326                      0.22069210000530687
1327                      0.22077039193508208
1328                      0.2208183457952239
1329                      0.2208489936539874
1330                      0.22086837315643465
1331                      0.22088014682030813
1332                      0.22088769992329338
1333                      0.22089149350536275
1334                      0.22089211035763637
1335                      0.2208903382547841
1336                      0.22088684708792464
1337                      0.22088214031202427
1338                      0.22087658182411637
1339                      0.22087043314787308
1340                      0.22086388378663532
1341                      0.2208570728367195
1342                      0.22085010372328087
1343                      0.2208430541923131
1344                      0.2208359831672361
1345                      0.2208289355440194
1346                      0.22082194561383564
1347                      0.22081503955340323
1348                      0.22080823726795312
1349                      0.22080155377519362
1350                      0.22079500025770993
1351                      0.2207885848719392
1352                      0.220831412384227
1353                      0.22105396828037713
1354                      0.22151824051104677
1355                      0.22221118180042485
1356                      0.22279988049910884
1357                      0.22315958281811268
1358                      0.22332724103520227
1359                      0.22328043138218406
1360                      0.2241396144103495
1361                      0.22390538310720232
1362                      0.2240447747537451
1363                      0.22411957539793662
1364                      0.22377007985503125
1365                      0.2244267152777003
1366                      0.22395950859797814
1367                      0.22351664807953633
1368                      0.22329019799811847
1369                      0.22309457105583913
1370                      0.22292769668804321
1371                      0.22281242245138613
1372                      0.22271591651822123
1373                      0.2224792451706644
1374                      0.22231086964977168
1375                      0.22220472638191444
1376                      0.2220935266130701
1377                      0.22190526237805286
1378                      0.22167002157663943
1379                      0.22177063464126137
1380                      0.22187661298482483
1381                      0.2219050300461528
1382                      0.2219177345531623
1383                      0.2219223420583026
1384                      0.22192216336576373
1385                      0.22191901962896976
1386                      0.22191398986773078
1387                      0.22190774894579832
1388                      0.22190073629144239
1389                      0.22189324682936176
1390                      0.22188548305028677
1391                      0.22187758966978569
1392                      0.22186964665658582
1393                      0.2218617005897862
1394                      0.22185380837204752
1395                      0.22184601852047453
1396                      0.2218383673847285
1397                      0.22183088036812823
1398                      0.22182357429372168