1                         0.5634710117468741
2                         0.563471011746874
3                         0.5634710117468738
4                         0.5634710117468738
5                         0.5634710117468738
6                         0.5634710117468738
7                         0.5634710117468738
8                         0.5634710117468738
9                         0.5634710117468738
10                        0.5634710117468738
11                        0.5634710117468738
12                        0.5634710117468738
13                        0.5634710117468738
14                        0.5634710117468738
15                        0.5634710117468738
16                        0.5634710117468738
17                        0.5634710117468738
18                        0.5634710117468738
19                        0.5634710117468738
20                        0.5634710117468738
21                        0.5634710117468738
22                        0.5634710117468738
23                        0.5634710117468738
24                        0.5634710117468738
25                        0.5634710117468738
26                        0.5634710117468738
27                        0.5634710117468738
28                        0.5634710117468738
29                        0.5634710117468738
30                        0.5634710117468738
31                        0.5634710117468738
32                        0.5634710117468738
33                        0.5634710117468738
34                        0.5634710117468738
35                        0.5634710117468738
36                        0.5629891708709925
37                        0.562494816140232
38                        0.5618718084625131
39                        0.5611390218024374
40                        0.560416483534762
41                        0.559702280321591
42                        0.5599216033706088
43                        0.5601501704662787
44                        0.5592584692222735
45                        0.5589099596481854
46                        0.5591065200418269
47                        0.5594739286435495
48                        0.560025228785938
49                        0.560479526719008
50                        0.5607886559936153
51                        0.5610091084474503
52                        0.5611972792962167
53                        0.5618335413162977
54                        0.5622554268595309
55                        0.5620368964901502
56                        0.5616637041981223
57                        0.5614102377425965
58                        0.5611581135805273
59                        0.5606490572899612
60                        0.5598018209359964
61                        0.5589680755010019
62                        0.5584054429942984
63                        0.5587267677710454
64                        0.5593560312951568
65                        0.5597139116682863
66                        0.5602704863587038
67                        0.5610346224598873
68                        0.5614769728192076
69                        0.5615423603564257
70                        0.5613475420544275
71                        0.561167213243694
72                        0.5601119287259906
73                        0.5590829772245591
74                        0.5584199425106565
75                        0.5581830084869865
76                        0.558343998523412
77                        0.5585363313852423
78                        0.558734929739379
79                        0.5595096099827099
80                        0.5597555997564317
81                        0.559520820588216
82                        0.5594032720132712
83                        0.5594934279033235
84                        0.5595856464113084
85                        0.5595666145172296
86                        0.5592267374578459
87                        0.5588884478285144
88                        0.5588983932125167
89                        0.5592679116575812
90                        0.5595865110497221
91                        0.5594877802831995
92                        0.5591193354980365
93                        0.5586868110153379
94                        0.5587416046841336
95                        0.5591239655519273
96                        0.5589472049283308
97                        0.5584966850031587
98                        0.5580252931980492
99                        0.5574230363180401
100                       0.5571483919373881
101                       0.5570999474084385
102                       0.5571774755252593
103                       0.5572045007285149
104                       0.5571787254026888
105                       0.5573441725921745
106                       0.5576695307940869
107                       0.5578412927714786
108                       0.5578881420416705
109                       0.55777646938141
110                       0.5574379516632236
111                       0.5577408947923167
112                       0.5581671680634195
113                       0.5584060512122759
114                       0.5580952000653351
115                       0.5575818445175109
116                       0.5572926251485105
117                       0.5572462110290421
118                       0.5572740938552924
119                       0.5574506626326173
120                       0.5578397431836855
121                       0.5581994457220406
122                       0.558025786963507
123                       0.5576465757190121
124                       0.5571965252148738
125                       0.5568347571075699
126                       0.5565042688511405
127                       0.5563388874891355
128                       0.5564266452372796
129                       0.5567804645755696
130                       0.5572560312532747
131                       0.5585778298254198
132                       0.55976828528383
133                       0.5604507310084321
134                       0.5608761546261848
135                       0.5610931626956234
136                       0.5611458319763813
137                       0.5608144396381641
138                       0.560469390142985
139                       0.560313797627403
140                       0.5602220308097282
141                       0.5601609773742112
142                       0.5601195786485255
143                       0.5600914999673581
144                       0.5600708266900244
145                       0.56005700774781
146                       0.5600490947926872
147                       0.5600457855020232
148                       0.5600459607848702
149                       0.5600487664522708
150                       0.5600535717636149
151                       0.560059911241732
152                       0.560067437099069
153                       0.5600758852209333
154                       0.5600850517934833
155                       0.5600947772855899
156                       0.5601049353158786
157                       0.5601154247566285
158                       0.5601261640134585
159                       0.5601370867989649
160                       0.5601481389556289
161                       0.560159276031468
162                       0.5601704614059881
163                       0.560181664825084
164                       0.5601928612442035
165                       0.5602040299067862
166                       0.560215153604274
167                       0.5602262180776204
168                       0.5602372115300701
169                       0.5602481242281404
170                       0.5602589481730438
171                       0.560269676828749
172                       0.5602803048958694
173                       0.5602908281228496
174                       0.5603012431476678
175                       0.5603115473646371
176                       0.5603217388119385
177                       0.5603318160763638
178                       0.5603337618374278
179                       0.5598746040958059
180                       0.5591301678816475
181                       0.5583385820465787
182                       0.5574423511060289
183                       0.5564195055932633
184                       0.555319935333972
185                       0.5545973552191592
186                       0.554105800931836
187                       0.5539482518261183
188                       0.5542981401954561
189                       0.5553267599810832
190                       0.5561277298346944
191                       0.5565110378208453
192                       0.5564109761032909
193                       0.5563006570725847
194                       0.556267657923041
195                       0.5561049858489618
196                       0.5553478992201757
197                       0.5557589562073177
198                       0.5570717030128991
199                       0.5577236790789694
200                       0.5584757435900323
201                       0.5588091860114596
202                       0.5586085966770813
203                       0.5579413969141181
204                       0.5575014567148352
205                       0.5568482726869782
206                       0.5556756252843361
207                       0.5544663052738638
208                       0.5530732243897911
209                       0.5518623315026919
210                       0.550928856474231
211                       0.5501039900211468
212                       0.5499861126520701
213                       0.5493932827872307
214                       0.5489738018863893
215                       0.5483000443631623
216                       0.5475759845006078
217                       0.5469301080602964
218                       0.5468387347656218
219                       0.54692233217346
220                       0.5469365584582128
221                       0.54761900004191
222                       0.5484883912642051
223                       0.5489486803582475
224                       0.549344053207017
225                       0.5494829782086662
226                       0.5495306046937467
227                       0.5495921038806455
228                       0.5496490576248289
229                       0.5494541068756083
230                       0.5492597316839795
231                       0.5487758069578603
232                       0.5481772738232028
233                       0.5476921974333212
234                       0.5475051087885406
235                       0.5472434748120768
236                       0.5468053794729586
237                       0.5466133218511382
238                       0.5463481457605226
239                       0.545763141334653
240                       0.5447410120410455
241                       0.5438208977066232
242                       0.5437079154854966
243                       0.5439678871961302
244                       0.5443854654364834
245                       0.5449311362231014
246                       0.5455515749829514
247                       0.5456524652783747
248                       0.5453196888949478
249                       0.5448769290561604
250                       0.5443827174783734
251                       0.5442335913861651
252                       0.5439016016677346
253                       0.5437541943070175
254                       0.5435613681001566
255                       0.5435751196451519
256                       0.5437885101978474
257                       0.5441486723100681
258                       0.5442011306153869
259                       0.5441285092981376
260                       0.5440834263040262
261                       0.5440399306779796
262                       0.5440190389696818
263                       0.5441156428882995
264                       0.5444565856436685
265                       0.5447610786388146
266                       0.5454352816166951
267                       0.5458990075881212
268                       0.545985361251765
269                       0.5458462931619634
270                       0.5458552380027241
271                       0.545710073742065
272                       0.545014575011505
273                       0.5446427085922328
274                       0.5444911307938254
275                       0.5444751287253409
276                       0.5448242745480224
277                       0.5452870833786969
278                       0.545618053241707
279                       0.5458685440752509
280                       0.5461968175293253
281                       0.5455529504684247
282                       0.5455778398390795
283                       0.5456562532233951
284                       0.5456283083320881
285                       0.545659007849705
286                       0.5453336581743808
287                       0.5452002923178497
288                       0.5438276480028396
289                       0.544206925951484
290                       0.5434959263728409
291                       0.5430744118448142
292                       0.5428106571934821
293                       0.5416249356500028
294                       0.5410488232000542
295                       0.5411901051480136
296                       0.5410421579773366
297                       0.5412205308249001
298                       0.5417395046617027
299                       0.5426585775977901
300                       0.543508200586531
301                       0.5442544750036249
302                       0.5449898968820257
303                       0.5455674816016621
304                       0.5451047709670697
305                       0.5444885961828818
306                       0.5446727450034474
307                       0.5454921836850224
308                       0.5453529158535014
309                       0.5447381686827831
310                       0.5445442037456831
311                       0.544863761376762
312                       0.5448288645710858
313                       0.5445681391871644
314                       0.5443872131240464
315                       0.5447103701932904
316                       0.5452104382213173
317                       0.5455973952214024
318                       0.5461084857570769
319                       0.5467101880757943
320                       0.5472041571066655
321                       0.5476551199843708
322                       0.5480329596926898
323                       0.5483158399700371
324                       0.5486330790899694
325                       0.5492523487259707
326                       0.5496897860982513
327                       0.5500997086980182
328                       0.5503109428211201
329                       0.5503837654767648
330                       0.5503518858061208
331                       0.5503030002386814
332                       0.5499306875179556
333                       0.5497971531028963
334                       0.5500571801729193
335                       0.5504823838296754
336                       0.5511688165785745
337                       0.5518828601227701
338                       0.5518692277476851
339                       0.5515974241354863
340                       0.5513708261536373
341                       0.5514095365458773
342                       0.551515614520199
343                       0.5517686897957439
344                       0.551796634729611
345                       0.5515561892931823
346                       0.5513780057802816
347                       0.5512847731627546
348                       0.5512282650588479
349                       0.5511893824678915
350                       0.5511624998809199
351                       0.5511443062069331
352                       0.5511308771032859
353                       0.5511226843972837
354                       0.5511191000818157
355                       0.551119311770618
356                       0.5511226054716644
357                       0.5511284105219119
358                       0.5511362804309194
359                       0.5511458641843958
360                       0.5511568820678543
361                       0.5511531020325878
362                       0.5510000338195113
363                       0.5504926888412407
364                       0.5496729852834802
365                       0.5488464251577163
366                       0.5479693372674174
367                       0.5470686179560926
368                       0.546310998125166
369                       0.5455472264045106
370                       0.5455084324516885
371                       0.5453996239306427
372                       0.5451046602286655
373                       0.5447011722103179
374                       0.5439459044524657
375                       0.5439329656114225
376                       0.544122950579233
377                       0.5442876418811433
378                       0.5442543041892761
379                       0.5440345599195585
380                       0.5437331199698116
381                       0.5440335750673078
382                       0.544286579526014
383                       0.5446625563976435
384                       0.5452189003111311
385                       0.545202406091814
386                       0.5445592538639547
387                       0.5442124042487848
388                       0.5444644642634943
389                       0.5447415101083618
390                       0.5448783332610311
391                       0.5449673385739572
392                       0.5450199798736195
393                       0.5449911316750561
394                       0.5448112380508001
395                       0.5448024021459499
396                       0.5450283563300563
397                       0.5454796656355525
398                       0.5461211400543232
399                       0.5466576849441156
400                       0.5468826922016476
401                       0.5476470819022435
402                       0.5485615015815729
403                       0.54940710366551
404                       0.5498700684346539
405                       0.5501361969802482
406                       0.5503399818609713
407                       0.5504690638835205
408                       0.5504066883433039
409                       0.5500602893173868
410                       0.5497958271832734
411                       0.5496725214469048
412                       0.5496007268403403
413                       0.5495567655619084
414                       0.5495297952350052
415                       0.5495138853268768
416                       0.5495051159415707
417                       0.5494829017281876
418                       0.5491024228958408
419                       0.5485417758933845
420                       0.5478060966124448
421                       0.5468631409286651
422                       0.545867302889949
423                       0.5447850845666222
424                       0.5435591517239833
425                       0.5426141690262968
426                       0.5430423426932716
427                       0.5428795600229478
428                       0.5424294729834328
429                       0.542471579420625
430                       0.5430693720690871
431                       0.5437740002752823
432                       0.5444246120792574
433                       0.5449287567116665
434                       0.5453462934561564
435                       0.5457897776772871
436                       0.5468579197291135
437                       0.5479000399779566
438                       0.5485051683483192
439                       0.5488199905743932
440                       0.5489421647438636
441                       0.5486971627700921
442                       0.548423026395297
443                       0.5483300314529402
444                       0.5482925611986637
445                       0.5482805415078097
446                       0.5482839999887545
447                       0.5482973533491026
448                       0.5483172485028962
449                       0.5483405199652989
450                       0.5483670525880292
451                       0.5483961346502086
452                       0.5484269822066126
453                       0.5484589620559783
454                       0.5484916096751679
455                       0.5485245952379425
456                       0.5485576861899311
457                       0.5485907180521727
458                       0.5486235738711442
459                       0.5486561702103212
460                       0.5486884476168271
461                       0.5487203640541192
462                       0.5487368592294696
463                       0.5482956235491976
464                       0.5475664003811254
465                       0.546801692547846
466                       0.5459437896693395
467                       0.54494311259887
468                       0.5438324078845252
469                       0.5425800665430837
470                       0.5415121981599872
471                       0.5414721703062032
472                       0.541659625728576
473                       0.5407198349181432
474                       0.5401590878810894
475                       0.5406128927431268
476                       0.5405650486577991
477                       0.5408560271655992
478                       0.5411154767360613
479                       0.5411264143458988
480                       0.5416286843059787
481                       0.5419690746810175
482                       0.5421274078251704
483                       0.5424948931761889
484                       0.5429385789924529
485                       0.5427717411519617
486                       0.5427422479099402
487                       0.5431986056337323
488                       0.5433767777299524
489                       0.5434176032272092
490                       0.5435568567534802
491                       0.543539468818229
492                       0.5434707463016171
493                       0.5434482722853776
494                       0.5434394204995195
495                       0.5434399389244577
496                       0.5436222226582639
497                       0.5435374589346753
498                       0.5433687034904431
499                       0.5431357260879651
500                       0.5434355152010427
501                       0.5437135540748191
502                       0.5436576085602846
503                       0.5435836891995032
504                       0.5437365845101814
505                       0.5439077729758796
506                       0.5439430999046303
507                       0.5444515300851342
508                       0.545206365248239
509                       0.5459455107958247
510                       0.5465732711887163
511                       0.5471352898816524
512                       0.5476716838969649
513                       0.5480243127184633
514                       0.5483117794421891
515                       0.5484570533211829
516                       0.5483806776299354
517                       0.5480342820067653
518                       0.5477533801179718
519                       0.5476189846252568
520                       0.5475413552510392
521                       0.5474902790676976
522                       0.5474568791547909
523                       0.5474344981685981
524                       0.5474199901850942
525                       0.5473959584478802
526                       0.5472134672274586
527                       0.5468374769959098
528                       0.5465776835210425
529                       0.5465544947646223
530                       0.5461691268168258
531                       0.545951954779082
532                       0.545894714821988
533                       0.5456172522949525
534                       0.5450651017938987
535                       0.5445027902175243
536                       0.5441188287636608
537                       0.543943304996718
538                       0.5438078100566743
539                       0.5437157439532361
540                       0.5435545270358942
541                       0.5433437898423755
542                       0.5432145842011451
543                       0.5431820494130174
544                       0.5432717840920172
545                       0.5435054860815455
546                       0.5437561548477234
547                       0.5439329839764958
548                       0.5440429302775699
549                       0.5441252484165684
550                       0.5441872097006185
551                       0.5438424179072356
552                       0.5437474370700418
553                       0.5437973788884001
554                       0.5444903470784432
555                       0.5452032029206784
556                       0.5452495168300893
557                       0.5450327936202064
558                       0.5448990384516954
559                       0.54513248422671
560                       0.5456623781859321
561                       0.546566319176097
562                       0.5472239921116997
563                       0.5475062247366308
564                       0.5472287019474819
565                       0.5469387895534323
566                       0.5468276097109276
567                       0.5467757395192668
568                       0.5467492771564827
569                       0.5467383350810184
570                       0.5467374544141392
571                       0.5467428111949206
572                       0.5467522250965751
573                       0.5467654524262751
574                       0.5467816509465322
575                       0.546800016714436
576                       0.5468199234945544
577                       0.5468409129417016
578                       0.5468626541396027
579                       0.5468849066414999
580                       0.5469074933230956
581                       0.5469302817518167
582                       0.5469531715891331
583                       0.5469497191632445
584                       0.546474465454396
585                       0.5457464422625476
586                       0.5449762537339325
587                       0.5441573145027774
588                       0.5439416231180807
589                       0.5438967410874662
590                       0.5438807072152169
591                       0.5442761956935349
592                       0.5446287865797104
593                       0.5446227085372751
594                       0.544650903239464
595                       0.5448322520241339
596                       0.5450783330818386
597                       0.5453334618019422
598                       0.5454223613181405
599                       0.5455446602356455
600                       0.5453425730058503
601                       0.5452589523534145
602                       0.5454041336389073
603                       0.5455894414490737
604                       0.5456593612580375
605                       0.5456292445666338
606                       0.545522972163073
607                       0.5453113577544375
608                       0.5450660029573087
609                       0.544729040583524
610                       0.5445057111650033
611                       0.5441886124072097
612                       0.5439806103878566
613                       0.5441524526449923
614                       0.5443511586914348
615                       0.5442391497240557
616                       0.5441142465606711
617                       0.5440476744951332
618                       0.5441215214735214
619                       0.5442682711713157
620                       0.5443688700151192
621                       0.5443078436931161
622                       0.5437618470586689
623                       0.5429512118066913
624                       0.5425719957642285
625                       0.5426051018202896
626                       0.5426365064379323
627                       0.5433156362495623
628                       0.5447057263647198
629                       0.545751310691243
630                       0.5462827879784877
631                       0.5465071114921777
632                       0.5462521738528382
633                       0.546004609264651
634                       0.5459223774972598
635                       0.5458936587045984
636                       0.5458867178688848
637                       0.5458925038065605
638                       0.5459061032642334
639                       0.5459246582032569
640                       0.5459464116264746
641                       0.5459700911386252
642                       0.5459949311068208
643                       0.5460207788425576
644                       0.5460472947948717
645                       0.5460741660004802
646                       0.5461011533287391
647                       0.5461280866227451
648                       0.5461548484545183
649                       0.5461813589953652
650                       0.546207564626053
651                       0.5462334299639393
652                       0.5462589324068321
653                       0.5462840583980054
654                       0.5463088008414099
655                       0.5463331572861364
656                       0.5463571286317392
657                       0.5463807181922581
658                       0.5464039310116776
659                       0.5464267733585766
660                       0.5464306054346116
661                       0.5461585634560295
662                       0.5457440472908561
663                       0.5450057261946867
664                       0.5444811216505125
665                       0.5440581963900365
666                       0.543859274136328
667                       0.5437430830548988
668                       0.5431880677117323
669                       0.5425254119815146
670                       0.5422572621214605
671                       0.5421294163014736
672                       0.5419619025977429
673                       0.5416917004849207
674                       0.5415936238348168
675                       0.5418764622872914
676                       0.5420193387576518
677                       0.5422070593602315
678                       0.5423838865781845
679                       0.5425548554002735
680                       0.5425831712260999
681                       0.5426028628045315
682                       0.5427250563783136
683                       0.5430664948715034
684                       0.5434344899357717
685                       0.5441136687308409
686                       0.5448126003060538
687                       0.5454410005880804
688                       0.5456992103776606
689                       0.5457868959656801
690                       0.5459409615182356
691                       0.5457846681545907
692                       0.5455916654168738
693                       0.5455214516473685
694                       0.5454931379878396
695                       0.5454828513419732
696                       0.5454836221382435
697                       0.5454915412792103
698                       0.5455036477837131
699                       0.5455187777575716
700                       0.5455365664835665
701                       0.545556328928626
702                       0.54557745156488
703                       0.5455994675424302
704                       0.5456220400744676
705                       0.5456449294096811
706                       0.5456679643384894
707                       0.5456910215322883
708                       0.5456935813391028
709                       0.5455084394942205
710                       0.5452209076972808
711                       0.5451134159583843
712                       0.5448992518026482
713                       0.5443453100450408
714                       0.5438404778815314
715                       0.5433726490944938
716                       0.5432393139164071
717                       0.5428979895240188
718                       0.5430324836345481
719                       0.543532519246422
720                       0.5437750858449888
721                       0.5431730978035122
722                       0.5427323941529796
723                       0.542579510859057
724                       0.5421524650310232
725                       0.5418749586586692
726                       0.5422310072645355
727                       0.5428101730331966
728                       0.5426585854779592
729                       0.5423602534061505
730                       0.5424379133738676
731                       0.5430062291538981
732                       0.5435248736666677
733                       0.5439033528395641
734                       0.5445327143573879
735                       0.5450973405774513
736                       0.5453642657694272
737                       0.5452356614728275
738                       0.545024511700062
739                       0.5449658286025797
740                       0.5449473797556252
741                       0.5449464020297272
742                       0.5449547166958302
743                       0.5449625351526256
744                       0.5445495830384018
745                       0.5440142226324837
746                       0.5433353217431506
747                       0.5425567688702264
748                       0.5423390705524165
749                       0.542002422422583
750                       0.5415186274327324
751                       0.5411785021780186
752                       0.5406902801295892
753                       0.5402478134911207
754                       0.539949771304729
755                       0.5398599500806979
756                       0.5397434107692776
757                       0.5398284616180817
758                       0.5399685032291635
759                       0.540139399392528
760                       0.5402028492211502
761                       0.5402643148953352
762                       0.5405381237260712
763                       0.5410058992994652
764                       0.5412313769286912
765                       0.5414197238681088
766                       0.5417382537951981
767                       0.5420879921421023
768                       0.5425834485128953
769                       0.5432298569247206
770                       0.543729430614318
771                       0.5441894060324733
772                       0.5445023425682259
773                       0.5445335505788927
774                       0.5446150373385413
775                       0.5444576905934079
776                       0.5442735242130855
777                       0.544201460746952
778                       0.5441689111394054
779                       0.5441532333866175
780                       0.5441515800945901
781                       0.5441545185575496
782                       0.5436872563246089
783                       0.5431503085040972
784                       0.5424077502914801
785                       0.5414203672157203
786                       0.5406623548866971
787                       0.5404410556171357
788                       0.5406182959468748
789                       0.5405759734613104
790                       0.5403535500000238
791                       0.5400554997017128
792                       0.5397192820612416
793                       0.5390452905810347
794                       0.5384865399853438
795                       0.5384128700085137
796                       0.5386807928545574
797                       0.5389829562310594
798                       0.538965575495619
799                       0.5392369981459149
800                       0.5395534463742852
801                       0.5398314702682713
802                       0.5401897055698934
803                       0.5404383438372221
804                       0.5404355774918621
805                       0.5404250846487915
806                       0.540539634401427
807                       0.540877479547196
808                       0.5409647357341758
809                       0.5408801103449485
810                       0.5408287592927844
811                       0.5408119520107387
812                       0.5408058731287545
813                       0.5407774278828086
814                       0.540693457310475
815                       0.5404168451184621
816                       0.5400796282315926
817                       0.5391365006191582
818                       0.5385047442197716
819                       0.5381421673967015
820                       0.5377634199750098
821                       0.5381154646889104
822                       0.5381614079619514
823                       0.5380404213586223
824                       0.5381006267476611
825                       0.5384180173729258
826                       0.5387998460534968
827                       0.5389023522766967
828                       0.5390145521105781
829                       0.5393314485762777
830                       0.5396845048080547
831                       0.5397004017803956
832                       0.5399092286405761
833                       0.5401886250659692
834                       0.5401355761630372
835                       0.5402064095939777
836                       0.5401993254794232
837                       0.5405452193203059
838                       0.5408219849091911
839                       0.5407070787576469
840                       0.5404916727869179
841                       0.5403568135574134
842                       0.5403162028839119
843                       0.5405082152616745
844                       0.5405496503212462
845                       0.540427969801958
846                       0.540508656712102
847                       0.5407503661947692
848                       0.5410013851115667
849                       0.5411769144257335
850                       0.5413665734865766
851                       0.541803526133748
852                       0.5422916486207743
853                       0.5426331826060043
854                       0.5427898832897637
855                       0.542811761004715
856                       0.5424979008824768
857                       0.54173850538223
858                       0.541169290248862
859                       0.5409428493310282
860                       0.5407440438504977
861                       0.5404851707943698
862                       0.5402354947154094
863                       0.5398942896133397
864                       0.5394432866712944
865                       0.5390178924357784
866                       0.5388863178243045
867                       0.5392056312463326
868                       0.5393906794277847
869                       0.5394133386903394
870                       0.5394051971296006
871                       0.5391406417775176
872                       0.5390200254434736
873                       0.5387385734914583
874                       0.538782694093085
875                       0.5389274548546306
876                       0.5389862178933673
877                       0.5391843665657918
878                       0.5397289947015219
879                       0.5400929991974889
880                       0.5402714726155492
881                       0.5406592308102084
882                       0.5408919059314444
883                       0.5408795587739683
884                       0.5405158459364238
885                       0.5401375136333785
886                       0.5398387186491862
887                       0.539734201168184
888                       0.539464206949362
889                       0.5390933032025073
890                       0.5388407428699977
891                       0.5388272406437864
892                       0.5386365928001321
893                       0.5383801336237981
894                       0.5384441135396506
895                       0.5387452494616457
896                       0.538984258773766
897                       0.5391150427178819
898                       0.539399562876529
899                       0.5396601340778435
900                       0.5384516161920803
901                       0.5381450672347398
902                       0.5387999355556605
903                       0.5392212950645672
904                       0.5395006204121167
905                       0.5392249664597661
906                       0.5387788676524934
907                       0.5386239853202213
908                       0.5386774879413169
909                       0.5389144796309747
910                       0.5388856569472282
911                       0.5388624577225266
912                       0.5389048477152178
913                       0.5391815021103512
914                       0.539434285076401
915                       0.539642412012745
916                       0.5397482788324112
917                       0.5396908825753655
918                       0.539558356384723
919                       0.5394677870001815
920                       0.5395723059569817
921                       0.5396140817378268
922                       0.5395388000967108
923                       0.5397053231873055
924                       0.5398899913643381
925                       0.5397829319734211
926                       0.5394655158431958
927                       0.5394717947858079
928                       0.53974133082083
929                       0.540106727378304
930                       0.5404559057213674
931                       0.5407732902608645
932                       0.5408220853468513
933                       0.5405833662085177
934                       0.5403401212911454
935                       0.5397358379812737
936                       0.5392046869026546
937                       0.5389738433693934
938                       0.5390152814713279
939                       0.539063300718677
940                       0.5388654896167111
941                       0.5388114759347278
942                       0.5388639568815469
943                       0.5388721567184989
944                       0.5388235652175649
945                       0.5390592358781209
946                       0.5393090871745377
947                       0.5392812488292071
948                       0.5392255268755215
949                       0.5394248331267928
950                       0.5395657799719951
951                       0.5396279090671471
952                       0.5395405670131986
953                       0.5392995445186692
954                       0.5389216000389174
955                       0.5389273924567751
956                       0.5392776199946568
957                       0.5393234325658287
958                       0.539505944765342
959                       0.539257892238468
960                       0.5387545947814313
961                       0.5384543336432579
962                       0.5388216915407043
963                       0.539432598589658
964                       0.5401541983062194
965                       0.5406632721716351
966                       0.5412234023270575
967                       0.5416006807303341
968                       0.541710174649273
969                       0.5414540479306863
970                       0.5412207642343027
971                       0.5411253310734205
972                       0.5410776020964232
973                       0.5410506910051864
974                       0.5410290285031099
975                       0.5406933728858238
976                       0.5401855813123837
977                       0.5392613561150279
978                       0.5383400336151325
979                       0.5374565744965188
980                       0.5369731355783535
981                       0.5370526455857462
982                       0.5369701320219377
983                       0.5368617834726017
984                       0.5368237084534156
985                       0.5366434208802062
986                       0.5360920613149766
987                       0.5352896931987626
988                       0.5349960048057808
989                       0.535232365209105
990                       0.5355857942097328
991                       0.5359170927611102
992                       0.5362150446844042
993                       0.5364311087086953
994                       0.5369916899610491
995                       0.5372889377598297
996                       0.5374862109194631
997                       0.5376997752764302
998                       0.5378722412621615
999                       0.53805519308335
1000                      0.5381747783293155
1001                      0.5383608627548424
1002                      0.53874578064408
1003                      0.5393347099954607
1004                      0.5393880679972716
1005                      0.5390850032341019
1006                      0.5386733983570828
1007                      0.5381649442074111
1008                      0.5378458304047024
1009                      0.5380584502386174
1010                      0.5381984202555423
1011                      0.5380835763831234
1012                      0.5382802849378878
1013                      0.5383333055319894
1014                      0.5382809700974
1015                      0.5378189364987443
1016                      0.5374673281701404
1017                      0.5372150367023697
1018                      0.5372359389564675
1019                      0.5372314023610492
1020                      0.5371008216120571
1021                      0.5371431523491031
1022                      0.5373779980412626
1023                      0.537770416738638
1024                      0.5381828479940498
1025                      0.538354743429654
1026                      0.5384685498657757
1027                      0.5385482833708111
1028                      0.5386353639500845
1029                      0.5387424970863105
1030                      0.5388366852880306
1031                      0.539098767273044
1032                      0.539799317205098
1033                      0.5403338787899432
1034                      0.5405209296990322
1035                      0.5402681370034713
1036                      0.5400349933357278
1037                      0.5399454115437609
1038                      0.5398996111354696
1039                      0.5398745863433292
1040                      0.5398623603302786
1041                      0.5398585234995474
1042                      0.5398604421907072
1043                      0.53986554497269
1044                      0.5398736448845461
1045                      0.5398842981972658
1046                      0.5398969135323136
1047                      0.5399109823609103
1048                      0.5399261147207582
1049                      0.5399420213684254
1050                      0.5399584882167225
1051                      0.5399753551593239
1052                      0.5399925007580155
1053                      0.540009831616456
1054                      0.5400272750335885
1055                      0.5400447738588687
1056                      0.5400622828196724
1057                      0.540079765846076
1058                      0.5400971940851459
1059                      0.5401145444023691
1060                      0.5401317982343755
1061                      0.5401489406996559
1062                      0.5401659599017908
1063                      0.5401828463783218
1064                      0.5401995926611523
1065                      0.5402161929232693
1066                      0.5402326426929069
1067                      0.5402101046902218
1068                      0.5400343531722175
1069                      0.5396138395837679
1070                      0.5389003912452904
1071                      0.5380716918500273
1072                      0.5371821827094956
1073                      0.5362622038934459
1074                      0.5361017518778421
1075                      0.5360416998727436
1076                      0.535643016830918
1077                      0.5354430310785274
1078                      0.5353817911283147
1079                      0.5353690132057191
1080                      0.5352980737256933
1081                      0.5350888954888151
1082                      0.5352825905026565
1083                      0.5353202905040826
1084                      0.5352535805083196
1085                      0.5352653390022558
1086                      0.5357772152228001
1087                      0.5363172622202641
1088                      0.5366636632677952
1089                      0.5366777651903684
1090                      0.5369583118862891
1091                      0.5376958934014212
1092                      0.5382977914517794
1093                      0.5384670938476108
1094                      0.5385057124119392
1095                      0.5389923065953577
1096                      0.5394919700611273
1097                      0.5396493285301135
1098                      0.5395293547267287
1099                      0.539348185491549
1100                      0.5392176587216347
1101                      0.5391500686344064
1102                      0.5391210881254198
1103                      0.5391133082074742
1104                      0.5390996171497617
1105                      0.5389942546546523
1106                      0.5388983470176215
1107                      0.5389487135448688
1108                      0.5387113616501368
1109                      0.5387337843239346
1110                      0.5388746388752426
1111                      0.5389430199721132
1112                      0.53899389315715
1113                      0.5390356499090434
1114                      0.5390720236172838
1115                      0.5391041423905236
1116                      0.5391187410805957
1117                      0.539048655949059
1118                      0.5388851864928259
1119                      0.5385893542324497
1120                      0.5379344275351885
1121                      0.5372126821470772
1122                      0.5365258476800893
1123                      0.5364549072486285
1124                      0.5367509434680872
1125                      0.5364979872741323
1126                      0.5357860043199141
1127                      0.5352137238103916
1128                      0.5351364450670127
1129                      0.5355246073044018
1130                      0.5358864580719843
1131                      0.5360907385822334
1132                      0.536086787081613
1133                      0.5357806446390033
1134                      0.5356228216549435
1135                      0.5353844256831722
1136                      0.5351874247891183
1137                      0.5351366006142143
1138                      0.5354571661277783
1139                      0.5357749598720467
1140                      0.5357648019181454
1141                      0.5355571103541854
1142                      0.535395634078304
1143                      0.535398631462815
1144                      0.5352889738874009
1145                      0.5352974880332692
1146                      0.5352856024297812
1147                      0.5353301796328802
1148                      0.5354648258101214
1149                      0.5355602481005473
1150                      0.5357055809051762
1151                      0.535817026486362
1152                      0.5358362782523589
1153                      0.5360424005950638
1154                      0.5361433919878723
1155                      0.5363094826984582
1156                      0.536543235391437
1157                      0.5368456788616925
1158                      0.5371731851764365
1159                      0.5376792419319251
1160                      0.5379972764144807
1161                      0.5383758930516187
1162                      0.5385059092762013
1163                      0.5386080406217216
1164                      0.5388305700325444
1165                      0.5386563011067428
1166                      0.5384556386462248
1167                      0.5383750849784155
1168                      0.5383331479340282
1169                      0.5383112247676757
1170                      0.5383005894908263
1171                      0.5382975270526694
1172                      0.5382994544174315
1173                      0.5383044609868907
1174                      0.538312532168811
1175                      0.5383230910038449
1176                      0.5383355373715514
1177                      0.5383493824354932
1178                      0.5383642557241513
1179                      0.5383798814229961
1180                      0.5383960534223088
1181                      0.53841261589162
1182                      0.5384294494288601
1183                      0.5384310979940243
1184                      0.5381449955694303
1185                      0.5375994530236666
1186                      0.5368798105248885
1187                      0.5359616721697453
1188                      0.5349675979605055
1189                      0.5339705640333267
1190                      0.533278668508055
1191                      0.532923995649121
1192                      0.5333255610560086
1193                      0.5342841535428937
1194                      0.5350084877872066
1195                      0.5359805243056769
1196                      0.5369125054531296
1197                      0.5374429645247207
1198                      0.5376279352687308
1199                      0.5374825375351503
1200                      0.5373325303087514
1201                      0.53730367741458
1202                      0.5373085678902264
1203                      0.5373290844641391
1204                      0.5373565224162848
1205                      0.5373875702777957
1206                      0.537420396436579
1207                      0.5374539433484748
1208                      0.537487583127809
1209                      0.5375209379643645
1210                      0.5375537809976257
1211                      0.5375858790668158
1212                      0.5376068152694192
1213                      0.537439795253081
1214                      0.5371355379812203
1215                      0.5367022023382466
1216                      0.535964212714287
1217                      0.5354386774609345
1218                      0.5354743710504452
1219                      0.5358180225765251
1220                      0.5362199227940547
1221                      0.5363111159033258
1222                      0.5362680741118383
1223                      0.5363610245446206
1224                      0.5361285603836078
1225                      0.535567899187604
1226                      0.5350677535571049
1227                      0.5346088081168597
1228                      0.5343712179662964
1229                      0.5340995748432703
1230                      0.5341773004161383
1231                      0.5344125352289462
1232                      0.5347196089177906
1233                      0.535094274114641
1234                      0.5353864096700086
1235                      0.5352567879332107
1236                      0.5350999066169501
1237                      0.5350905500660721
1238                      0.5352694238972461
1239                      0.5354895873582846
1240                      0.5356529344855021
1241                      0.5356678640574922
1242                      0.5356984253065564
1243                      0.5361040939704719
1244                      0.5363333661317555
1245                      0.5363605727649765
1246                      0.5360353203573263
1247                      0.5358168497759195
1248                      0.5357577772963005
1249                      0.5360013465340583
1250                      0.5365982432570325
1251                      0.537056151441922
1252                      0.5373552277912715
1253                      0.537260384590262
1254                      0.5371132849864175
1255                      0.537068539319912
1256                      0.5370581088880553
1257                      0.5370608386631294
1258                      0.5370710193197986
1259                      0.5370856586035822
1260                      0.5371030620976097
1261                      0.5371222074779766
1262                      0.5371424466217011
1263                      0.537163318358403
1264                      0.537184532800088
1265                      0.5372060125403241
1266                      0.5372174384895659
1267                      0.5371063516276149
1268                      0.5370851920429367
1269                      0.5371321733377832
1270                      0.5371570229067487
1271                      0.5371512129300322
1272                      0.5370732323754825
1273                      0.5368757927667028
1274                      0.5367675216779088
1275                      0.5367044581371805
1276                      0.5365849414043701
1277                      0.5362636047665956
1278                      0.5358646416639619
1279                      0.5358631170731821
1280                      0.5361864137413148
1281                      0.5364307165874811
1282                      0.5365455424944007
1283                      0.5362980819055769
1284                      0.5356476444170447
1285                      0.5346815568888057
1286                      0.533660824316735
1287                      0.5329346444157513
1288                      0.5327632890943
1289                      0.5329935200235101
1290                      0.5332845103127584
1291                      0.5332491835763765
1292                      0.533173299157821
1293                      0.5331869226291382
1294                      0.5332602226741451
1295                      0.5335386685072453
1296                      0.5340107192208798
1297                      0.534406248466002
1298                      0.5344344534279309
1299                      0.5344015482390404
1300                      0.5344150778477592
1301                      0.5344351984752926
1302                      0.5344531200979524
1303                      0.5341639337744253
1304                      0.5340933072361304
1305                      0.5339560289584194
1306                      0.533907938953717
1307                      0.5338395870630239
1308                      0.5336730127526786
1309                      0.5336579896318987
1310                      0.5337065656807486
1311                      0.5336113979450557
1312                      0.533564090992521
1313                      0.5331647726117353
1314                      0.5320262226310069
1315                      0.5327335117799005
1316                      0.5323795273552113
1317                      0.5320839921105981
1318                      0.5326011702707094
1319                      0.5333183609014116
1320                      0.5346133380678862
1321                      0.5356610614482229
1322                      0.5362369274732998
1323                      0.5365633411839446
1324                      0.5366835050872613
1325                      0.5364154695963745
1326                      0.5361282056265207
1327                      0.5360145986029407
1328                      0.535959709628677
1329                      0.5359301179573013
1330                      0.5359163425942057
1331                      0.5359129610480274
1332                      0.5359163574680214
1333                      0.535923696007191
1334                      0.5359349248851791
1335                      0.535949221728011
1336                      0.53596575099113
1337                      0.5359838480520323
1338                      0.5360030231256364
1339                      0.5360229230024998
1340                      0.5360432927082017
1341                      0.5360639463446105
1342                      0.5360847467280547
1343                      0.5361055915059246
1344                      0.5361264036611596
1345                      0.5361471249185905
1346                      0.53616771107672
1347                      0.5361881286376305
1348                      0.5362083523304435
1349                      0.5362283632630127
1350                      0.536248147524016
1351                      0.5362676951135864
1352                      0.5362775328858151
1353                      0.5360692776905327
1354                      0.5355604439791936
1355                      0.5347575670048685
1356                      0.5340406404570343
1357                      0.5336033399808651
1358                      0.5333677700462307
1359                      0.5333861736866649
1360                      0.5326137370487366
1361                      0.532615868837289
1362                      0.5326324386885954
1363                      0.5325517301088917
1364                      0.5329141324830308
1365                      0.5323949991229271
1366                      0.5326843199804233
1367                      0.533333035487973
1368                      0.5336630662917984
1369                      0.5339239710712188
1370                      0.5341462740863546
1371                      0.534312562014797
1372                      0.5344530036297822
1373                      0.5347085346896656
1374                      0.5349492580918401
1375                      0.5351036635949022
1376                      0.5352334055160642
1377                      0.535446069196362
1378                      0.5357845526034496
1379                      0.5357532580993722
1380                      0.5356122115534447
1381                      0.5355691384619427
1382                      0.5355572707533627
1383                      0.5355588000843374
1384                      0.5355679363671841
1385                      0.5355816460278855
1386                      0.5355982069724211
1387                      0.5356165756267951
1388                      0.5356359794513292
1389                      0.5356560428774355
1390                      0.5356766377956003
1391                      0.5356975512524371
1392                      0.5357185946839698
1393                      0.5357396257292764
1394                      0.5357605434256151
1395                      0.5357812781511306
1396                      0.5358017826636977
1397                      0.535822025427531
1398                      0.5358419859372473