1                         4.2170585034990555
2                         4.2170585034990555
3                         4.2170585034990555
4                         4.2170585034990555
5                         4.217058503499056
6                         4.217058503499055
7                         4.2170585034990555
8                         4.217058503499056
9                         4.2170585034990555
10                        4.217058503499056
11                        4.2170585034990555
12                        4.2170585034990555
13                        4.217058503499056
14                        4.2170585034990555
15                        4.2170585034990555
16                        4.217058503499056
17                        4.2170585034990555
18                        4.217058503499056
19                        4.2170585034990555
20                        4.217058503499056
21                        4.2170585034990555
22                        4.2170585034990555
23                        4.217058503499056
24                        4.217058503499056
25                        4.2170585034990555
26                        4.217058503499056
27                        4.2170585034990555
28                        4.2170585034990555
29                        4.217058503499056
30                        4.2170585034990555
31                        4.2170585034990555
32                        4.2170585034990555
33                        4.2170585034990555
34                        4.217058503499056
35                        4.2170585034990555
36                        4.2060666701572025
37                        4.202830000027362
38                        4.19438305617418
39                        4.187309017715609
40                        4.181396041706221
41                        4.176089678972928
42                        4.192910956962916
43                        4.192309891343981
44                        4.171243772172048
45                        4.181774290104348
46                        4.186511257555659
47                        4.194091541440877
48                        4.20217891919923
49                        4.205802641958082
50                        4.207507749731935
51                        4.2083580078059635
52                        4.209705267925578
53                        4.221652106484385
54                        4.220106954525384
55                        4.2109177483932205
56                        4.2056553410756505
57                        4.2037430039211126
58                        4.200843342889421
59                        4.192737768338743
60                        4.181304499490067
61                        4.174586058038671
62                        4.173402250954955
63                        4.18928116032841
64                        4.19800040390684
65                        4.199705770206277
66                        4.209124319706907
67                        4.217689737538033
68                        4.217107744041944
69                        4.213824783703937
70                        4.207647956081481
71                        4.2058238769415475
72                        4.18205160328588
73                        4.176741927183006
74                        4.173379506200991
75                        4.177824627664512
76                        4.1850454583414045
77                        4.187892727879208
78                        4.1912116776439445
79                        4.207045284598232
80                        4.200043029731366
81                        4.1948862580091335
82                        4.194906962766686
83                        4.197765329413159
84                        4.198312146907332
85                        4.1968822882376084
86                        4.189709347141178
87                        4.187418692551982
88                        4.1917703554812915
89                        4.199295844170706
90                        4.201568395110844
91                        4.195612796368232
92                        4.189906785027657
93                        4.184709899129164
94                        4.192189299710667
95                        4.1985907363576445
96                        4.189207826207464
97                        4.184091263366001
98                        4.17915934522787
99                        4.17231639407632
100                       4.174841406408394
101                       4.177037613984579
102                       4.179994997368846
103                       4.180624105593991
104                       4.1807408683586775
105                       4.18526067729884
106                       4.1901718416297085
107                       4.190119224699843
108                       4.189739686121407
109                       4.186259786282573
110                       4.180939900205858
111                       4.192872047000736
112                       4.195970361551193
113                       4.196680440340711
114                       4.1859963741073285
115                       4.180200991753856
116                       4.179835506272645
117                       4.182117491613538
118                       4.183625447899461
119                       4.1877704760827
120                       4.194005011351486
121                       4.1968682112196545
122                       4.188258600796872
123                       4.1833661926676635
124                       4.177978283059029
125                       4.175583058113862
126                       4.173083483999926
127                       4.174264837260912
128                       4.178295611607043
129                       4.185764202901162
130                       4.1922342255113145
131                       4.217228766161113
132                       4.222487919386874
133                       4.2242937457702165
134                       4.223620702713964
135                       4.221358476335147
136                       4.217726815797005
137                       4.207704079237993
138                       4.205140579039947
139                       4.204181500256665
140                       4.20360551670564
141                       4.2032105871770975
142                       4.202930488569374
143                       4.202727557124003
144                       4.2025672462778205
145                       4.202446134943076
146                       4.202358574130638
147                       4.2022969795014955
148                       4.202254915959941
149                       4.202227532303032
150                       4.202211290927977
151                       4.202203612236796
152                       4.2022025896956725
153                       4.202206789153065
154                       4.202215112858282
155                       4.202226707468414
156                       4.2022409008670225
157                       4.202257157829756
158                       4.2022750482130125
159                       4.202294223652925
160                       4.2023144001862915
161                       4.202335345084543
162                       4.202356866744115
163                       4.202378806832109
164                       4.202401034120714
165                       4.202423439602576
166                       4.202445932588848
167                       4.2024684375688395
168                       4.202490891665364
169                       4.202513242559894
170                       4.202535446791143
171                       4.202557468352469
172                       4.202579277530025
173                       4.202600849935932
174                       4.202622165700433
175                       4.202643208794179
176                       4.202663966457639
177                       4.202684428719064
178                       4.202349302361944
179                       4.190599096624084
180                       4.182462826130477
181                       4.1745698358738705
182                       4.165625594669426
183                       4.155366135035621
184                       4.145697857366254
185                       4.145468111616961
186                       4.144697750988338
187                       4.1500825022171925
188                       4.161896689034966
189                       4.181410073670047
190                       4.185786468153025
191                       4.186179269011873
192                       4.178855292604401
193                       4.1787681050814225
194                       4.178227949278951
195                       4.174845249296185
196                       4.1599645038109685
197                       4.183753704413405
198                       4.202038939244746
199                       4.198762054793533
200                       4.211136279895909
201                       4.204863653475563
202                       4.197242493190622
203                       4.183990077186269
204                       4.183185225101702
205                       4.171584703654351
206                       4.1553073914512995
207                       4.14461040648757
208                       4.129490980454189
209                       4.123215749128989
210                       4.11890774500262
211                       4.115265669080692
212                       4.128030158081396
213                       4.1136653230206015
214                       4.120203998104512
215                       4.109026772666199
216                       4.106393509037802
217                       4.102557216498284
218                       4.111728302017563
219                       4.115039955283314
220                       4.117089283868285
221                       4.134905280798592
222                       4.14398888667535
223                       4.144770137324087
224                       4.148855840431678
225                       4.1463407364458575
226                       4.146172300871591
227                       4.14644216416564
228                       4.146694574863579
229                       4.141440267551641
230                       4.140155987896876
231                       4.131662250945035
232                       4.1256341939791215
233                       4.122933459272545
234                       4.1254421744987
235                       4.122341277560094
236                       4.1180463297756
237                       4.120447867720314
238                       4.117072959700207
239                       4.109293619535717
240                       4.096240536653946
241                       4.091172587790561
242                       4.10135425367251
243                       4.108336327706184
244                       4.1157221359081495
245                       4.123645781780831
246                       4.1312270583897055
247                       4.125694901196346
248                       4.119023470414667
249                       4.113661999392445
250                       4.108454036616932
251                       4.112173266141819
252                       4.106283503842628
253                       4.109691432929244
254                       4.106815266031715
255                       4.111443092720043
256                       4.115720523784733
257                       4.121525299024017
258                       4.1182274199441595
259                       4.1175671561134335
260                       4.117356695515947
261                       4.117164409621576
262                       4.117428532815198
263                       4.120228725680811
264                       4.126268488956104
265                       4.128523637414147
266                       4.1404031083853
267                       4.1399787106274895
268                       4.137506328923632
269                       4.132327278057451
270                       4.134002423493697
271                       4.129040681916092
272                       4.115876827292953
273                       4.118373955366487
274                       4.117940176027256
275                       4.120410389628855
276                       4.1283349638194045
277                       4.133823710481016
278                       4.135747916387286
279                       4.137265959661321
280                       4.140609532673903
281                       4.119866715447896
282                       4.134612931572183
283                       4.129315071660691
284                       4.130688172897518
285                       4.130977964874638
286                       4.123268183853966
287                       4.1258937099092705
288                       4.093496214612812
289                       4.1325313011506335
290                       4.092482836518336
291                       4.111929483671997
292                       4.09983252067035
293                       4.082501658886083
294                       4.089343347368837
295                       4.097702823031588
296                       4.093238394682602
297                       4.102884479671354
298                       4.111100425395826
299                       4.125738218211501
300                       4.131897935040814
301                       4.138306856612467
302                       4.144138467783525
303                       4.145680493003764
304                       4.12586285157315
305                       4.1219539464662125
306                       4.131322666904786
307                       4.144166915119436
308                       4.12867609967926
309                       4.121010819638882
310                       4.123720699570838
311                       4.132099240861939
312                       4.125818349636257
313                       4.122485009901603
314                       4.12164712237702
315                       4.1309130928937785
316                       4.136367613564055
317                       4.13899073797011
318                       4.145196910553261
319                       4.150796018272013
320                       4.153341982034607
321                       4.15620915502329
322                       4.157645526365066
323                       4.157880527583441
324                       4.160087424030454
325                       4.168531934947191
326                       4.168024572568769
327                       4.171309620873293
328                       4.168371006744526
329                       4.166637928507302
330                       4.163576131464663
331                       4.161787586456098
332                       4.153076970287251
333                       4.155470622228725
334                       4.160372087010222
335                       4.166147851713101
336                       4.1753849482015895
337                       4.180962149306068
338                       4.170315829845054
339                       4.165580456282292
340                       4.162226860698732
341                       4.165042527747327
342                       4.165595129754692
343                       4.169747075403934
344                       4.165629695410888
345                       4.160904428543498
346                       4.159342430931405
347                       4.158734248816818
348                       4.15834059830248
349                       4.158046466915594
350                       4.157818922594954
351                       4.157638895354991
352                       4.157484680789118
353                       4.157358585972393
354                       4.157257001183804
355                       4.157175422220473
356                       4.157109965287349
357                       4.157057579143213
358                       4.157015914969656
359                       4.156983153563888
360                       4.156957864396431
361                       4.156566262212441
362                       4.152489955069644
363                       4.143471735469841
364                       4.1336917982953745
365                       4.125823432343146
366                       4.117585604092791
367                       4.110153527001942
368                       4.106457709620954
369                       4.100876635022632
370                       4.113025605241709
371                       4.109379082648856
372                       4.108154650038036
373                       4.104088123672427
374                       4.094545198524458
375                       4.107275383425193
376                       4.1091784764310475
377                       4.113133445363062
378                       4.110903602871494
379                       4.108213180675842
380                       4.105063740563387
381                       4.117010094812652
382                       4.116525073997035
383                       4.124034641210816
384                       4.130634507277633
385                       4.12281466529198
386                       4.110742351740211
387                       4.112281251496703
388                       4.1204467229968555
389                       4.122753247433892
390                       4.123445840743403
391                       4.123861480029705
392                       4.123902737470402
393                       4.122540011245797
394                       4.119170043728794
395                       4.12149380927315
396                       4.125817680835677
397                       4.1327553379341095
398                       4.140339033252041
399                       4.143755053200731
400                       4.1414887968611955
401                       4.156460368498768
402                       4.162949891394835
403                       4.1696597108012154
404                       4.16701507367091
405                       4.166656424367699
406                       4.165976306519588
407                       4.164435855486165
408                       4.159811264746963
409                       4.152046440597389
410                       4.150157377691057
411                       4.149357600980713
412                       4.148857347696782
413                       4.148515987730067
414                       4.148270614721632
415                       4.148087243993994
416                       4.147943673767609
417                       4.147094529771411
418                       4.138471972053263
419                       4.1324737317619045
420                       4.1231705480770104
421                       4.112937353210696
422                       4.103999251935358
423                       4.094232562973033
424                       4.08274167998178
425                       4.082297228138016
426                       4.1050655716233555
427                       4.09092622713462
428                       4.092179257954195
429                       4.098435436745589
430                       4.111564110209432
431                       4.119519310493237
432                       4.126167039885484
433                       4.129115983681271
434                       4.132060354906782
435                       4.136054907498469
436                       4.153726987134265
437                       4.159538011238169
438                       4.15983909142872
439                       4.158043890902242
440                       4.155051632160207
441                       4.145632223479176
442                       4.143310312936196
443                       4.142631002470975
444                       4.142279606886487
445                       4.142077187431111
446                       4.141965417397369
447                       4.141911814733072
448                       4.141896941384492
449                       4.141902213137635
450                       4.1419271648395215
451                       4.141967810534498
452                       4.142019713786403
453                       4.1420792968925815
454                       4.142143945593976
455                       4.142211810711773
456                       4.142281591155139
457                       4.142352366027477
458                       4.142423477568795
459                       4.14249445216139
460                       4.142564947105934
461                       4.142634714295826
462                       4.142084023265385
463                       4.130888110145303
464                       4.123032745140231
465                       4.115594001088482
466                       4.107249728127114
467                       4.097340719706271
468                       4.087422694306656
469                       4.076163985221877
470                       4.072146438528887
471                       4.087444319334727
472                       4.089489445924091
473                       4.070715393096169
474                       4.077108070409585
475                       4.0920067650415035
476                       4.083812354613164
477                       4.096986822376013
478                       4.096463691385465
479                       4.0961870371345785
480                       4.1077262555874485
481                       4.107371901508771
482                       4.108230080037066
483                       4.1139599235884505
484                       4.11781363349555
485                       4.108291924217773
486                       4.111767467720559
487                       4.119932233944607
488                       4.116937678028217
489                       4.116921038161494
490                       4.118487219053014
491                       4.115895414424675
492                       4.114943451308313
493                       4.114754789059121
494                       4.114651819242957
495                       4.114728195414416
496                       4.118404119910396
497                       4.113448413144454
498                       4.1120925970866
499                       4.10879259967889
500                       4.119233879155333
501                       4.119143005580494
502                       4.11567049292136
503                       4.115121316426189
504                       4.118713033854056
505                       4.119939086524247
506                       4.118946636806443
507                       4.129775624026361
508                       4.13774336411446
509                       4.144070042349705
510                       4.147694339886876
511                       4.151094054240469
512                       4.154095342952439
513                       4.153500998931533
514                       4.154221208465985
515                       4.152101589953522
516                       4.147492775762608
517                       4.13988523384382
518                       4.1376461732412295
519                       4.136810610599148
520                       4.1363006079447855
521                       4.13593935846575
522                       4.135676032292029
523                       4.135473206495717
524                       4.135313298180272
525                       4.134682234578417
526                       4.130468263628382
527                       4.125230988120404
528                       4.124673030533063
529                       4.126873029998795
530                       4.1185259887463275
531                       4.120769501857077
532                       4.12123191465312
533                       4.116571389209392
534                       4.1092579514038565
535                       4.1049739385525905
536                       4.104138645624044
537                       4.1054483584684345
538                       4.105723127212562
539                       4.106393079904221
540                       4.104929085719683
541                       4.103493035566336
542                       4.104078928859234
543                       4.105232380030885
544                       4.108366544953609
545                       4.1124697257783405
546                       4.1153166273638355
547                       4.116356852990885
548                       4.116867882967129
549                       4.117240491723656
550                       4.117315682665978
551                       4.108627883208558
552                       4.1125209138481065
553                       4.113346496884035
554                       4.128938094623854
555                       4.133012340462977
556                       4.12577536576012
557                       4.1215676053974155
558                       4.120501060366745
559                       4.126550373282543
560                       4.133640215618922
561                       4.146657162392167
562                       4.147487649976531
563                       4.145954739974667
564                       4.134702173923392
565                       4.132545844232231
566                       4.131813412919537
567                       4.131424953278154
568                       4.131181408165797
569                       4.131026043635869
570                       4.130927707953525
571                       4.130864679138037
572                       4.13082461245771
573                       4.130806153510144
574                       4.1308046006048675
575                       4.130815494553916
576                       4.1308353914978015
577                       4.1308617948183874
578                       4.1308929189172385
579                       4.130927477163448
580                       4.130964528084387
581                       4.131003371089891
582                       4.131043476811026
583                       4.130107147269122
584                       4.1192613143201955
585                       4.111536837022024
586                       4.104180866758132
587                       4.096779658152036
588                       4.103943312369817
589                       4.104696241367859
590                       4.106846123752278
591                       4.116591467302531
592                       4.118596662063449
593                       4.115330613106535
594                       4.116953274484051
595                       4.119702510192768
596                       4.122701812575274
597                       4.125024191938255
598                       4.1237297934884305
599                       4.125400942726189
600                       4.118293412006462
601                       4.12029068196715
602                       4.122981088452399
603                       4.125191428958252
604                       4.124343175135061
605                       4.123150635724365
606                       4.121199541026392
607                       4.117834753808357
608                       4.115177803582022
609                       4.111148600363369
610                       4.1109008135330365
611                       4.106775599873744
612                       4.107364727793567
613                       4.113676084142537
614                       4.115357930608485
615                       4.111517018104551
616                       4.110998156237598
617                       4.110975345563413
618                       4.113788690620292
619                       4.115780417679506
620                       4.116372209313103
621                       4.113868067007541
622                       4.102996269779913
623                       4.093962333381142
624                       4.09656440588282
625                       4.100730782631736
626                       4.1023115855797485
627                       4.118246924344183
628                       4.137550578414869
629                       4.141868035617913
630                       4.141326658434388
631                       4.138863775412123
632                       4.128683835772878
633                       4.12670203720629
634                       4.126121935892107
635                       4.1258520958802976
636                       4.125707338752319
637                       4.125635995255421
638                       4.125610096005124
639                       4.125613385287353
640                       4.125635888549176
641                       4.125670277764139
642                       4.1257120631353725
643                       4.125760585098745
644                       4.1258140032848765
645                       4.125870585136336
646                       4.125928997977482
647                       4.125988288968992
648                       4.126047795801904
649                       4.126107062551285
650                       4.126165776448495
651                       4.126223723878502
652                       4.126280760484603
653                       4.126336790856619
654                       4.1263917545732705
655                       4.126445616456884
656                       4.126498359663908
657                       4.126549980707733
658                       4.12660048583022
659                       4.126649888328073
660                       4.126075140991241
661                       4.119715993820425
662                       4.115247406241815
663                       4.104255811292977
664                       4.103860162555283
665                       4.100648933218963
666                       4.103144849539557
667                       4.102994856886938
668                       4.0937749853422805
669                       4.088907705851181
670                       4.092018729880585
671                       4.092751136983183
672                       4.092214526372475
673                       4.089950838630989
674                       4.093047048221217
675                       4.0997672792881925
676                       4.09989461378736
677                       4.103379162232363
678                       4.104734289861584
679                       4.106630476104709
680                       4.105247523517972
681                       4.105682605414944
682                       4.107930875387301
683                       4.1138847239631335
684                       4.11641203286001
685                       4.127161053832167
686                       4.13173601780619
687                       4.136359520789509
688                       4.132756811328913
689                       4.131459028522009
690                       4.132032569045503
691                       4.12517756626298
692                       4.123524988676198
693                       4.12303631248254
694                       4.122788250427046
695                       4.122642093587845
696                       4.122558413897779
697                       4.122515232502555
698                       4.122495876367472
699                       4.12249382892683
700                       4.1225071491249174
701                       4.122532078497562
702                       4.122565253740772
703                       4.122604127791397
704                       4.122646873439155
705                       4.122692196196903
706                       4.1227391743630175
707                       4.122787144173396
708                       4.122226260753475
709                       4.117830511325378
710                       4.1149637662275245
711                       4.115988000333141
712                       4.112183881240408
713                       4.103990967873527
714                       4.10109054023988
715                       4.097408448076789
716                       4.101308171605167
717                       4.095217758061434
718                       4.105240157573328
719                       4.112761332293757
720                       4.112170782505022
721                       4.0965692803939096
722                       4.098186207784724
723                       4.0982034118532935
724                       4.091640246202837
725                       4.093109682057508
726                       4.104028233039434
727                       4.111099847344312
728                       4.100831054183534
729                       4.099264508187091
730                       4.104064943899434
731                       4.114551578064874
732                       4.11767238295418
733                       4.120428533648663
734                       4.128658164719028
735                       4.131335367760185
736                       4.12943736370275
737                       4.12226351428484
738                       4.120260467711799
739                       4.119835273972642
740                       4.119635187640713
741                       4.119534126163022
742                       4.1194752285299865
743                       4.119209699280899
744                       4.109700856168294
745                       4.104716196069634
746                       4.096632378557486
747                       4.089664874290292
748                       4.095778493410988
749                       4.090066867296124
750                       4.086656479524887
751                       4.086150970914037
752                       4.080866015451737
753                       4.07940864131916
754                       4.079384477138094
755                       4.082290254544325
756                       4.0818632303202405
757                       4.08663471294234
758                       4.088762542548954
759                       4.091441019410839
760                       4.091285773917654
761                       4.092620722326646
762                       4.0975249172064805
763                       4.103730710461836
764                       4.102622215081677
765                       4.104668113848772
766                       4.108310217638654
767                       4.1113414590488
768                       4.1170393316140075
769                       4.123462194565226
770                       4.125457457196457
771                       4.128528583568582
772                       4.128075439170788
773                       4.123950477209678
774                       4.124629848598587
775                       4.118693770287389
776                       4.116948392807728
777                       4.116457842285974
778                       4.116182114751067
779                       4.11598732162568
780                       4.115916800375737
781                       4.115771583429795
782                       4.105109891863422
783                       4.101148415365923
784                       4.091397517885385
785                       4.081269225066362
786                       4.078275713236528
787                       4.083905579213974
788                       4.0903828890458245
789                       4.088332014772001
790                       4.0862629802597175
791                       4.083746667309505
792                       4.081177838568865
793                       4.072073540157074
794                       4.070844392052088
795                       4.076009511461243
796                       4.082584398814745
797                       4.086637855295341
798                       4.083572883242724
799                       4.09130320740683
800                       4.093466393046924
801                       4.096345169824634
802                       4.100087321140254
803                       4.100466093948551
804                       4.0978121159121645
805                       4.097554731654249
806                       4.099512279200017
807                       4.104889910662248
808                       4.10146704267036
809                       4.099648331077313
810                       4.099105179481996
811                       4.098966922247088
812                       4.098897216406459
813                       4.098363828743031
814                       4.09679401457
815                       4.09232167155277
816                       4.0886285637070685
817                       4.072904850557526
818                       4.07447725789573
819                       4.072878081716589
820                       4.071139120750935
821                       4.084990449643003
822                       4.079053898072872
823                       4.0802153074046
824                       4.082413546501019
825                       4.0886487243633445
826                       4.092370497890697
827                       4.090383675686089
828                       4.092309364033017
829                       4.096911189378995
830                       4.099747411486454
831                       4.095629597443587
832                       4.1005597324689305
833                       4.102174163474112
834                       4.097656858689494
835                       4.1000609244402355
836                       4.097838204311311
837                       4.10591862879747
838                       4.105173778491291
839                       4.100335482178727
840                       4.097330488232682
841                       4.096434394464087
842                       4.096852639083745
843                       4.101749983676392
844                       4.099098050772372
845                       4.097024747950562
846                       4.099862816835112
847                       4.102981425657873
848                       4.105291490628229
849                       4.1057102648163575
850                       4.1075914308645105
851                       4.11375247882946
852                       4.1175447495579975
853                       4.118346103582201
854                       4.117036216377901
855                       4.115065915980487
856                       4.106873188171004
857                       4.095118955537152
858                       4.092816336751943
859                       4.094066706013618
860                       4.09261606738763
861                       4.090529874193822
862                       4.089023672096917
863                       4.085594729602912
864                       4.0811812626397765
865                       4.078925407548622
866                       4.082575265152416
867                       4.090233915713943
868                       4.090140840087113
869                       4.090071270589725
870                       4.089664426472504
871                       4.084436752713407
872                       4.0861787988881515
873                       4.081014861947485
874                       4.0870700193468235
875                       4.088374628544629
876                       4.08900614132161
877                       4.092667748268817
878                       4.101339239272869
879                       4.1014500480557174
880                       4.101726293427428
881                       4.107199688690038
882                       4.105802394252298
883                       4.103042435231948
884                       4.094838233574997
885                       4.09199859056995
886                       4.089407810708743
887                       4.090958798948077
888                       4.086332494708619
889                       4.083146919922423
890                       4.082740866358406
891                       4.085632537671443
892                       4.081943444405262
893                       4.080511887222297
894                       4.085151190970874
895                       4.0901945146349235
896                       4.091663969179426
897                       4.092506816448598
898                       4.096644837984094
899                       4.097736521641547
900                       4.067778198289635
901                       4.0855872973853495
902                       4.093845246164277
903                       4.096262033605368
904                       4.097884742951642
905                       4.087988405509363
906                       4.083949122550604
907                       4.085204159853171
908                       4.087404644463484
909                       4.092474486866262
910                       4.088168123625715
911                       4.089647600405056
912                       4.090112889858038
913                       4.095525909123623
914                       4.096800200498446
915                       4.098238715728163
916                       4.097734717116614
917                       4.095064692167025
918                       4.092960119936236
919                       4.092375541759434
920                       4.09535422851481
921                       4.094438932193408
922                       4.092845459485905
923                       4.097275642727864
924                       4.098105137782588
925                       4.0938464849336755
926                       4.089096210048413
927                       4.093267688323822
928                       4.097362245693777
929                       4.101736779383335
930                       4.104427732743683
931                       4.1065074456663755
932                       4.103147962450741
933                       4.097819766033801
934                       4.095180428776745
935                       4.0850078543464035
936                       4.082723043444207
937                       4.0834715002047615
938                       4.087500818361155
939                       4.088004992790847
940                       4.084502776303334
941                       4.086777433471773
942                       4.087861993153738
943                       4.087912513351646
944                       4.087229883478519
945                       4.093617775186442
946                       4.094131308315395
947                       4.091664402799528
948                       4.09109706432032
949                       4.09550378110001
950                       4.095370208723939
951                       4.095356377423378
952                       4.092563654177811
953                       4.089064913042493
954                       4.084035954785205
955                       4.089276541785745
956                       4.095087104519267
957                       4.091778013759503
958                       4.096331653018241
959                       4.08725903955237
960                       4.0819707903746645
961                       4.08184389600584
962                       4.09303193361224
963                       4.099690597504771
964                       4.107856121704951
965                       4.108983619789835
966                       4.114764766041899
967                       4.114087826917973
968                       4.111403707938745
969                       4.103901774544729
970                       4.102069320243435
971                       4.101497906928543
972                       4.101183663871472
973                       4.100979476673482
974                       4.100636561923494
975                       4.093761587131578
976                       4.087883760822438
977                       4.074980289876428
978                       4.068940384428923
979                       4.062212577789396
980                       4.0648041871558025
981                       4.072329584872871
982                       4.070153911846756
983                       4.071512538126741
984                       4.072494937785615
985                       4.070261461244464
986                       4.062470983930532
987                       4.05479601013446
988                       4.05965402857747
989                       4.067082226184463
990                       4.07227958600132
991                       4.075848245733955
992                       4.078592282494716
993                       4.079847649735955
994                       4.089129008401098
995                       4.086874411663019
996                       4.08865800940652
997                       4.089763973865401
998                       4.090326907005446
999                       4.091497547192512
1000                      4.091394704915282
1001                      4.0932735925964785
1002                      4.098394509297199
1003                      4.1048380005411165
1004                      4.097119091955154
1005                      4.091799011647091
1006                      4.086598720457232
1007                      4.0808821763166225
1008                      4.08050828543248
1009                      4.088144896947141
1010                      4.087332699329505
1011                      4.084932835710527
1012                      4.090589048198765
1013                      4.088120784140865
1014                      4.087286101829288
1015                      4.078158167917862
1016                      4.078074672491002
1017                      4.076023131504659
1018                      4.080293201868403
1019                      4.079512700902963
1020                      4.078102266350451
1021                      4.08085631875679
1022                      4.0847442198068205
1023                      4.089667024420157
1024                      4.0935725024302405
1025                      4.092050186484232
1026                      4.09261106595017
1027                      4.092354407944503
1028                      4.092760138788327
1029                      4.093456076847934
1030                      4.093738571153217
1031                      4.097915673929953
1032                      4.108380484467135
1033                      4.109264167257289
1034                      4.106862054905488
1035                      4.098574578452362
1036                      4.09704048122431
1037                      4.096508543602541
1038                      4.096207942773382
1039                      4.0960153243583495
1040                      4.095888863143526
1041                      4.095805606812392
1042                      4.095751915540565
1043                      4.0957145622142646
1044                      4.095692586777954
1045                      4.095683733186596
1046                      4.095685013303823
1047                      4.095693876898745
1048                      4.095708385374679
1049                      4.095727113879895
1050                      4.0957490168755575
1051                      4.0957733183421
1052                      4.095799433284176
1053                      4.095826913854095
1054                      4.0958554124983255
1055                      4.095884656408257
1056                      4.095914429450846
1057                      4.09594455911809
1058                      4.095974906916005
1059                      4.096005361162615
1060                      4.096035831510549
1061                      4.096066244727383
1062                      4.096096541408348
1063                      4.096126673390072
1064                      4.096156601698077
1065                      4.096186294905059
1066                      4.096215727808499
1067                      4.09540787681677
1068                      4.091789251830652
1069                      4.0853429867453555
1070                      4.076477413354764
1071                      4.0693381662307
1072                      4.062139902445067
1073                      4.055194254491934
1074                      4.064890256008229
1075                      4.064347590506761
1076                      4.059806291492857
1077                      4.062685925049569
1078                      4.063914576667361
1079                      4.065526589995593
1080                      4.065247077914407
1081                      4.063119536119664
1082                      4.070611366180509
1083                      4.068138799671025
1084                      4.068312591517719
1085                      4.069567967941802
1086                      4.080180630139747
1087                      4.083756847885463
1088                      4.084908259481183
1089                      4.080870392659045
1090                      4.087575217856972
1091                      4.096969553036664
1092                      4.099523077215095
1093                      4.0957576668560485
1094                      4.094783840376871
1095                      4.103015198270969
1096                      4.105033282547371
1097                      4.102329886720673
1098                      4.097618763287643
1099                      4.094665530762875
1100                      4.0933097830307
1101                      4.092818681720227
1102                      4.092616939837144
1103                      4.092501332179635
1104                      4.092074694452696
1105                      4.090087259048855
1106                      4.089442943135119
1107                      4.091165115394732
1108                      4.085486577372252
1109                      4.090181911507422
1110                      4.091205011852992
1111                      4.091480890640595
1112                      4.091665455345818
1113                      4.0918042018462035
1114                      4.0919165933250365
1115                      4.091999083059312
1116                      4.091750896576213
1117                      4.090071250813857
1118                      4.087713935137398
1119                      4.0834826126017605
1120                      4.0742742024880885
1121                      4.068562175664677
1122                      4.063704596012166
1123                      4.071750895550984
1124                      4.077357147006919
1125                      4.069677762068804
1126                      4.061516065850923
1127                      4.059075132444941
1128                      4.0647359824429845
1129                      4.0728775410855365
1130                      4.076214773758538
1131                      4.077229472937243
1132                      4.075218336614431
1133                      4.069472670424514
1134                      4.070756879972819
1135                      4.067288791268668
1136                      4.06719501166534
1137                      4.068760591401177
1138                      4.0758772676595605
1139                      4.077937400932615
1140                      4.075047521567593
1141                      4.071789095056406
1142                      4.0710233190656995
1143                      4.072791290345461
1144                      4.070467283703019
1145                      4.072727787961992
1146                      4.072174267556256
1147                      4.0737066520203635
1148                      4.075635917585707
1149                      4.076244500431529
1150                      4.0779835635710375
1151                      4.078448152484469
1152                      4.077737883102966
1153                      4.0818593130335445
1154                      4.080397014206339
1155                      4.083055809736129
1156                      4.085014677623253
1157                      4.088088394049723
1158                      4.090723753798745
1159                      4.096790451841256
1160                      4.095808443325964
1161                      4.099822162321285
1162                      4.096146182660805
1163                      4.0971178576576746
1164                      4.0988324127968925
1165                      4.09177049643357
1166                      4.090244173426179
1167                      4.089778085116652
1168                      4.089510105427048
1169                      4.089342681142197
1170                      4.089231582474111
1171                      4.089158137655586
1172                      4.089109450809387
1173                      4.089076032744541
1174                      4.089057812388845
1175                      4.089051960014013
1176                      4.089055550664856
1177                      4.089066220150479
1178                      4.089082191873438
1179                      4.089102154228068
1180                      4.0891251345001125
1181                      4.089150401908109
1182                      4.089177399225598
1183                      4.0887173739720515
1184                      4.082177917820078
1185                      4.0760950362662
1186                      4.068429779125975
1187                      4.059765103598392
1188                      4.0517623747433404
1189                      4.0447829646163544
1190                      4.044584221454526
1191                      4.046557095217968
1192                      4.060915770842837
1193                      4.074289828854576
1194                      4.078759610810617
1195                      4.091421673405936
1196                      4.096646015199973
1197                      4.09663436063796
1198                      4.093716308889889
1199                      4.087318442717431
1200                      4.08602717373157
1201                      4.08577832943078
1202                      4.085704174581481
1203                      4.08571094704309
1204                      4.085754627470478
1205                      4.085818569967906
1206                      4.085893516159206
1207                      4.085974078964652
1208                      4.0860570280058734
1209                      4.086140391895544
1210                      4.0862229607373415
1211                      4.0863011310122745
1212                      4.086096358596661
1213                      4.081969127595827
1214                      4.0784108624760265
1215                      4.073457150712947
1216                      4.064029942133507
1217                      4.064004395530459
1218                      4.070258868572357
1219                      4.076589201407991
1220                      4.081119045403676
1221                      4.07877231219808
1222                      4.077861550331066
1223                      4.079926339918302
1224                      4.073753715750751
1225                      4.066853421988125
1226                      4.063550063687636
1227                      4.0606489898778
1228                      4.061969933159452
1229                      4.05965035223027
1230                      4.0658977447537215
1231                      4.069175112267506
1232                      4.0733794068851825
1233                      4.077264524703564
1234                      4.078610989274559
1235                      4.07271370991459
1236                      4.07216396041037
1237                      4.073194501843387
1238                      4.076544541554577
1239                      4.078698227977107
1240                      4.0793576364188935
1241                      4.077596153297842
1242                      4.078753039253587
1243                      4.0856477916931695
1244                      4.084039708849653
1245                      4.08286367649195
1246                      4.0756654753011485
1247                      4.075845219910289
1248                      4.076167211850337
1249                      4.081885432265555
1250                      4.089792624444284
1251                      4.091469080642016
1252                      4.092402041196933
1253                      4.086420260397717
1254                      4.084980161925691
1255                      4.084680921862151
1256                      4.084557387918444
1257                      4.084499859118538
1258                      4.084479945893671
1259                      4.084482879003866
1260                      4.084500299271233
1261                      4.084527161176396
1262                      4.084560266799854
1263                      4.084597261057478
1264                      4.0846365668339795
1265                      4.084677955315449
1266                      4.0844472271113865
1267                      4.081856000772043
1268                      4.083210663576452
1269                      4.083751754824005
1270                      4.083837209362062
1271                      4.083464243687031
1272                      4.0818666433094295
1273                      4.0791086995692245
1274                      4.079280253888359
1275                      4.079090812324205
1276                      4.077607635014297
1277                      4.072581579861588
1278                      4.0697017424203175
1279                      4.074879032407978
1280                      4.079964294464517
1281                      4.08151524196968
1282                      4.0817682704599365
1283                      4.0752711553759795
1284                      4.066293332689522
1285                      4.055338530218199
1286                      4.047423528346054
1287                      4.04592565275024
1288                      4.051773687324785
1289                      4.058487060144704
1290                      4.062664054063645
1291                      4.059735396052405
1292                      4.060489499079791
1293                      4.0616142668125566
1294                      4.0632749343125285
1295                      4.068431881923603
1296                      4.074019975124194
1297                      4.076401480005986
1298                      4.072875899279021
1299                      4.072287958802875
1300                      4.072315587437684
1301                      4.072381318697112
1302                      4.072353553404367
1303                      4.06634403921934
1304                      4.069383244035701
1305                      4.066142161498998
1306                      4.067757272855179
1307                      4.066639381108527
1308                      4.06499597389078
1309                      4.066775671315697
1310                      4.0676910210762545
1311                      4.065666493856624
1312                      4.0662333107779105
1313                      4.058405423690431
1314                      4.042134375239549
1315                      4.075823097162099
1316                      4.045694903777075
1317                      4.060812297631915
1318                      4.066545964369981
1319                      4.076463438814924
1320                      4.093385638189064
1321                      4.097029707819584
1322                      4.096948298399895
1323                      4.095313244549718
1324                      4.092327478823
1325                      4.084138764338445
1326                      4.082100158504523
1327                      4.081481947484366
1328                      4.08114809515968
1329                      4.08093727578596
1330                      4.080803462805175
1331                      4.0807203067793365
1332                      4.080670241769524
1333                      4.080639469064254
1334                      4.080627806663221
1335                      4.080631328067008
1336                      4.080646046410204
1337                      4.08066880429926
1338                      4.080697287649636
1339                      4.080729836631604
1340                      4.0807652583643215
1341                      4.080802685646063
1342                      4.080841479130517
1343                      4.080881161199098
1344                      4.08092137111422
1345                      4.0809618341256275
1346                      4.0810023397578705
1347                      4.081042726239241
1348                      4.081082869127411
1349                      4.081122672866037
1350                      4.081162064430431
1351                      4.081200988485729
1352                      4.080961619786222
1353                      4.076116191950984
1354                      4.068843060469105
1355                      4.059920013239455
1356                      4.056124551140308
1357                      4.056045202236438
1358                      4.056962204809375
1359                      4.060964963891492
1360                      4.0452687473379445
1361                      4.060180039941027
1362                      4.056062715849814
1363                      4.058172584473482
1364                      4.06644480592613
1365                      4.050296020665695
1366                      4.0685292844249075
1367                      4.071997608500673
1368                      4.073352925731952
1369                      4.074755957501832
1370                      4.075829889161969
1371                      4.076249473618023
1372                      4.0767368866313225
1373                      4.079954969414196
1374                      4.080619472393361
1375                      4.080802359905015
1376                      4.081116470097855
1377                      4.08320613827666
1378                      4.086511371150673
1379                      4.080438368458009
1380                      4.079560603725208
1381                      4.079276744438207
1382                      4.079150394348659
1383                      4.079090387141581
1384                      4.079068273684221
1385                      4.079069270490542
1386                      4.079084991867387
1387                      4.0791103539253335
1388                      4.0791414651972895
1389                      4.079176431752432
1390                      4.079214759151513
1391                      4.079255453703065
1392                      4.079297610771868
1393                      4.079340539219747
1394                      4.079383743886535
1395                      4.0794268786744725
1396                      4.079469703854612
1397                      4.079512054190086
1398                      4.079553816664064